000011001000000101100101010000001000
110000101100100000000000100001100000
000001100010110010100000011011000001
100110001000001000011011110101000010
100001100001010011000100010001100001
100000110000000010100000001000100101
010001010100010011101000000000000010
100000100001000000011100000100001000
000100011000101110000100010001001110
000100100010000001000100101110010100
100110010001100000110010000001010001
100001011001000010000010001100010000
000011101000001010101001000001001010
010100100100011010010001100010011000
100001000100011000000100100010010000
101000010011011010000001000110000100
010001001110000000000101010100100000
001000001100000101000000000100110100
101101010000000100000010100011001000
000100011000000000100001000000001000
010100101011001100101101100011001001
000101110000000100010001000101000010
110000001000100010101000100100001001
110000000011001101010010011000000110
001000000101101100011010001100101000
010100100011110001001100000000010000
001000110000001100110000010011100000
100011100100111100101010100000000101
110000010011100110001101100000000010
001000001000110011010100101001000010
000001000101010001000000001000101001
110000000010010010100000001101000100
000011100000000001110010010000100001
110100001000110000001000010001100110
010000001111000001001001100000010001
000101001000011000110000000010101001
010101000100010100100101000001000100
010010101100000001000100001000010100
101011000001000100001011100001011000
010000110010010000001010010000100101
001011000101101000100110101000001010
000001100111100010011000101101110110
001100100000001000010110000100001101
010100001100100000000000010000000011
000100100000001011001100000000100001
101011011000000000000000110001000001
100010010000010100010001000010010100
100100000101100000010110100011100000
010011000001000001011000100011100001
010010000111000001000000000010110110
000110111001000010011101010001000001
011000101001101001001000000010010000
110000010111110001010000011101000100
010100111110010010000100000010010001
001000000011101000000100101001110100
111000000000000001000100101010100100
110011000110011000000100010001000001
100000010000011001100000011000011001
100010100101010110110001001001000110
000001011000101000101000100110001011
100010001010010101010010101000000001
000011010000000000000100011000100001
111010000110010000000101000011010110
010001010000101000000100100101010000
001000001001101001100100111000100000
010000101010000000000001010001010001
001001000110010101010001000000110100
100101000100110110000101001010111100
001110011000110011001011111010000111
100000000111100111011100010101000001
100100010001001010000110101000000010
010100010001101001010000000100001110
001110001011000000100011100010000100
001000110000100110000010100001001101
100100001101100000011100110000000001
000101010001001011000001000001101110
000110010001000100010000000011101000
010001000001100011110001001000001000
100000000000000010000010001000011111
000101110100010000000000011000001000
100101100010111001000100111011101010
001011010111000100000101110100010100
100001011001000000000100000100111100
010010110000001101000000110000000110
110011011000110010000001110000000100
001101100010011101001100100000010010
000111110000000100011110001100101000
100010100100100010000001100000001100
000100010110001000110001000000001011
101101001011110010100110010001001110
100100001000100010000101010001000100
100000000110100100000010101010011011
011001000011110000100110010010101001
001001110001101000000000000000110101
110101000000000000001010100011001101
000001011000010000100000010010000110
001110100100100010000001001000000111
000001000001000101011001010000100000
000011000011010100100001100001100010
100001011111000000001100010001001001
010000100010111100000001000000000010
100101001011100000000001000001001000
010000110000100100000011000000100000
000010001000011110010000000011100010
101011010000000100000101100101000100
110101110101000000000000111000010000
000101100110110000000000101000110100
001010110010000110011100000000010001
100100001011011100001000110100000001
000011000000000000000000000010100011
011000000000010001110000000000001001
010011100100000010000001011110000100
100010110100010010011110101010010011
111100111101100110000101100000110101
101000110001010100001111000000010011
000101100101101000000100010000000010
001000000001001000001010001101100100
000001000100110000100011001001110000
000011000010000000000001101100111010
001000101011100100000100011010001100
001010001000010001000100110011110100
100000010000100010010000000101010000
000010010100010000100001010001100100
001010001000000101000010101100011010
100010010000100001000001101000011100
000010000010011000001101110100110000
100010010010000000001101010100101000
000010010100011000101010000001100000
110010100011010010010000100101010100
110010000011100001000100000000010001
111101001001100010000000001101010101
010110101001001101000010000010000100
000001101001101100010110101001001000
000110110001001010000101001100000110
010001100000001001010000100100100101
110101100000011000100000100010010100
100100010001001100001001001010000110
000001110000000000000001001000010011
101100000101000001010000000010001110
100011110011000010001000000000001011
100010000000110000000000000000100011
011011001000101100100000010101010010
001011110010010000001000000100001101
111000100000000000000011000111100000
000001100100000011001011101100000011
101001110000000110110000001000010000
001111100000001000000000000101010000
001001000000010011110000000100010001
000001010011100000000011001101100101
100110100000001100101010000001101001
000010101001001000111000100000000001
000011000000110000001000100100010010
000101000011010001100110000011110010
000010010000001000001100100101010010
001000100000010100000000001010011101
001000010011000100110000010000000100
011110000000000011100001001011101111
010110001011011000100100010010011000
000101110000100000000000011110101100
100011100000110010000000100000000100
110111011000100101100010100001000010
001001100001000101100100000001100001
001001010110010000011100110010010100
000100001010100100000001000101000011
000100000101000000010100000000100111
100101010001000010000101000000010110
010010110110001010001000000001010000
000001100000000000000110110000001010
011001000000000000100010011000110001
100000101010000010001100000001010001
000010010010100110001100000100000001
100000100101100011101000001100010010
110000110110000001010010010000011110
010101000011100000001110001000100100
000010000101111000110110001010100100
000010000001000000001100100011010011
010000100011010101011011000000100010
000100000100111101101100010100010010
000011110000000101100000000000010000
000011110010010011011000010010110100
101000001000010100100101010011101011
001010101001011010000101100010000110
010011010000000100000100110001010000
000110001000010000100000010001011000
100010011100010000010100010001111100
111010000000100100001000010001010100
000001000000101000001001010000001010
001111000000010001000011111000110000
000101100100100110100001000000010101
011000100000010010100000000001001101
001110110111110001000010001010001000
101000000000010100011000000010000011
010001000000100110000000110000000010
010010000001000000000001111110110110
100000000000000011001100100001111000
000001010001000001100000010001011001
100110000010011010000011001001000001
110000001101010000000001000010100100
100100001000001000001001011000001000
101101000001010100010010110011000100
001000010010000000010001000001111000
001000100000000000110101110000110100
000100010000010111110000000010001010
000010000000011001100000001011101000
000010010100000011100010000001001000
100010000110101000010000000000101011
101110000001001000000000001111000001
000001100000011101001110000101001101
110000000101011000001011100110010010
110000000001001101000000000010010000
010000110010011001100101111100000001
010100100100011001001110000111011100
010001100001010010000000001011111000
000011010000100001010001010000110000
101100001110001000100001100100001110
010001010010001101111000101000010001
110001001011100000100000100000101001
101000111011010110110101000001000001
101000000011100000000101110000100011
110001010011001010000100000010100000
011001100100100101101000000000100000
010000100010110100010010100001000110
110010111111000000000001010100100101
010001001000000111010010000101101100
101000000000001000010100000000000101
010100100001000000110101000000110010
001101100001001000000100000010000010
010010000010000010100000100011111000
000001000001000101000010100101110011
011011001000001001101101101000000100
000101010001100001101110011000111010
010011110000010101010100001100010010
111000000100100110000011100010010111
001000100000101010110011000000010000
000100001010000001011100110001000100
000010000000100101000000000000100011
010001000101000100000000100000001110
101001001000000110111001000011010100
010100100001000000000111000100000100
111000011010001000100000001001010100
101001000011010000011010000100100100
001110100000000011001000000000000010
001100001101000100100000000100000001
100110101000000100000001100000001001
000010100000001010101000000100011011
000110000010111010001101010000101111
011011100100010110000010100111000110
010001010010001011100010000000010000
111011111000001000001000100010110010
110011000011011000000000000100110000
101000100011100000100001100100001010
100100000011010110011000100010100110
000001110000000001001000000100100000
001000000100100000001101100001001001
000010000001101010110100001110110100
001001001011101010000000000001000001
101010001100000110100101000011000110
001000000001000100010000110001001000
100110100101001000000000111100000001
100111001100000000010000000010011001
000111010001001110001001101000100000
101110001001001000000010011001110100
100010000000111100000001000101100010
010001100000101010000110001110000111
100000000000001100000100000000010011
100100010010011000000000000000001001
100000101001011010000000110000000001
011011000001000000100000000000000100
011010000000010001110000001010010000
000011000011000100010011010000100010
000001010000101000000000001001010011
010100011001100100010000010000000011
001000000001001001100000100100000010
000001000010010110100000101000001010
100001101100011000110000100100010000
100000000001100100000100010101000100
010000101010000001010010010100010001
000101110001000100010111100000101000
010010001110000000010011111100000111
101010100110000000100001000001001000
000011110001111000010010011000100001
010000100010000010001010000011000010
100000010100001000000101011101000110
000001001101010000000000100000001010
000100011001000110101000010100010001
000010110100001110110100000000011001
000110000001110100010100001000010000
010000010010000001000011100100111010
000001100100000010100000100100110010
110100000000000010100101000000011000
000001001000100000100100110000001100
100100100100010101010001000000000010
001011000000000001111010100000010100
101000010110111101010000100000011000
010100000100010000101001000100001010
010000100000011001001001000000101010
110010011001000000010001000000100000
010110100000101000001000000101000100
000010000010000001110100000000001100
010001011000100101000000100000010000
010100001100000110000111100000000100
000011001010000011000010100010010101
100000111100100110000000000010100011
100001000100011000000101000001000010
001001001010011000110000100101001001
000100110100100000010011000000000010
001110011100001010000000100011000001
100111001000101010110000001010100111
100001001011010011100110001100010000
010000001001100000000000110001111100
010000000000000011010010011001100010
100100101010000100010000010001000001
000001001000001000100000100001100010
001001100010010110000010110100100110
001001100000101010010001010101100010
000010000000100010000100000001001000
011100000001111001101000010000100010
111000100001101001000111000110100001
100100011110100000000110000011000100
100100110000000000011011000001010100
100001001101000110000000001100100010
100000001011000000100000101011010000
000111010000010001100000100101010011
111001000000000011000000001000011001
011010110001100010000101101111010000
000110000001000010100010000001100000
001001000011000110101001000111101100
001001011100100001001100011000000010
000001100000000000000001101110010000
010101010100000001100001000110010100
100000111000100001000010001100110000
001110110001000100000000111001001100
001010000100011110000000110001010111
010110011001100000001001000111110000
001101000001101000011010010000000010
000011000010100100010001101000001010
001110101100100010010000001001100000
110001010000000000010000100111001101
001010110001100100111000100010010001
100110011011100001000100010101010000
011001001000000010100000000000000100
101000100011010100100011000011010000
110010000001001001001001100000011000
001010100000010100000000000001010000
000100110101100010110111001000111011
001000010111100001100001100001001010
100100000101000000011011000000110001
001000101100000001000010100100011100
001000010100001000100100010001010110
010101001010001100010000111101000110
000100100001110001000001001000000011
100000000110000001011000101001100010
000001100011111001000011011010000111
010000011001100000000010100000101011
010001100000100000000000101010001100
010001000001100001000001001111100010
001100001000101000000100011101001001
001000000010001111000001110100011000
001000100000000001111001000010100001
000001101100101010100000000000000110
010001100000000101100000000000101000
010101000100000000110110000001011000
000111001010000001001010100010001010
010000010100000100010010100100011001
101000000000000100010101000011000001
100111001001000011000001000000010010
000100010001000001000100110000000001
010011000101010001010100100001100101
010100101000000011000100011010101000
101000001000110011100000010000100000
100000010000000100010001001001000100
110000000000000000010000100000000001
010000000001010010000011000011110010
010000010001001110000101110001010100
011000010001001000111001010000010000
000111000011001001000111100011100011
000010100000010101000000100001010100
100000000000101000000010000001001000
010110001100001000001010100101000010
011000101010000001000001000000001100
100011100011000001000001000000001011
100010000001010001111001110100100010
100000000000000010001010110001000010
011000110000000100100011100011100001
100001010100000011000001000000101000
011100101011010000000110010110110000
100101000110000100000000100000001110
100001001000001000000000000001100000
000001000001100110010000000000010010
000010000000011000011000100001100110
011000100001101000000001001100000100
000110010000000100111100010101101010
100111011010000010011000000111110001
001100010001100100100000010000011011
111000010001000000000000000100011000
100010100000000110100100011110000011
010100110100011011001001000001110010
111110100100010011000011010010100000
011100000000000000000110010100100001
100000110001100100000011100000000110
000010011000100100001001010100001101
100001010100101000000100000000010001
101011100100000000100000010100010100
001011100010110001000001010000100000
110001110000001010001101001000100000
001001101000011100000010100010001110
100000000100000000101001000000001100
000110000000111010001010101001000010
111100110100001000100011100100100111
001011000011000000100000000000001001
001101000001000101000000010000110100
100000010100000010001101010100000100
010000000000000110000001000100111110
001110000100110010000101110100001101
110010101001100010100110101000111001
101100100001001010010000010000010000
011011010101011001010010101100000100
011000011101000000001000110010010000
010000100010000000100010001001010001
010010000000100000000001010010100010
010011000100100010000010000001010001
100000110100010010101000100000111001
000101001000000000110010001110101001
000100100101000000010000100010000101
000101100000111000000110001000010001
101100010110010010010000000001001011
001000110100010001110010000010001100
101000100110010011000000010010010110
110000100110010100100000101000010011
000101100100000000100001010000001110
111000001100000000101000000001000100
110001011101000001001010000001011100
100010000000000110000010000000000001
010000010000100000100101110100100000
111100000000000010000001011011100000
000100100000000011100110000000001000
000101000010110010000010000000010101
101001101010111000101000000000100100
001010010000011110110000100001000110
000001000010000100110110010100011001
000100110010010000010100100110101001
011000010011001010000100101001100000
010001000000100101000000001101000001
100100001000101000101101010001100000
100010000000001100000000010111000101
000011010010110100000001000001001000
001101100001100100000010001011000101
001100010101010100100000111110001000
001000000001000000100000000011001101
100000010000000000010001000001001000
000001000000011000000000010011110101
101000000000000000000111111111001100
100000000000010000001001001100001000
000001100000110111000010100011100010
010100000001100001111100000101100111
100100001110100100010100000001010000
000101000101000100010000111001010010
101000001110010001001000000001010100
001010000100000000011000100000011001
001000110000000010100001000010110100
100000100000000110100100100001010100
000010100000001011100001000110000001
000001001000101101110000111011001000
000001010001001111000100010100100000
000011010110111011001000111000100000
001000001000100100000010000010100001
100000110011000001111000000000010011
100000100101001000101010000000010110
100000110100000001001100100010110000
101000001000000000100000110001011010
111000000100110000011001000110010010
100000100011110011000001000010001100
110000001101000011100000000010001000
010010110000000000000011100010100000
100100001000001001000000100010011000
001000100010100101011000001110000001
001001010000100101000100010010001001
001100100000000001010000001101001001
001100100001000010101000000100000010
010100101101010000000000111000010011
101000010100101100001010100000110101
110111100000010000100000110000001000
100101111100101101110000011000001000
100000000100000000001100000001010000
011100100001010110001101011111011010
100010000001010001000000011100101000
100001100100000000010000000000010000
000010110000100001000001000000100001
111110011100010001001101000000000110
110010100000111001001001110001100100
011100001011100001110001010000000001
100010101011011100101000000000100010
100000000000000101000010000000100000
001110000100000100100111000000000110
000001011011101110000101001100010010
000100000010010001000010000001100000
101101010000000010001100000101001010
001101111000000101011001010010100000
001000000000100101110101101000001001
010000001001000000000000101100001010
100100000000100001001001100011000010
100000001100000110010001000010110011
100101110000001001000100100000110100
000001100110000000100101100001010100
010010110011000001011010110000001000
001011000010101100000101010011100000
100100100000000001110001100100000001
001010011001000001001100100110001100
010000000000100000010111000001000010
001101001000101010010000000001000101
100000100001100010000001000000001101
010000110000100100001101100011011111
100110001001000000100100001001100100
110011000000001001000010000010001010
100001000010000111001000000011100000
010001000010000110100100001010100000
100001000000101000001000100000000010
001101100011000000010001110001110000
110111100000000100000000000000101111
001000100001010001001000010010100110
111011001110000010000000100000001100
100001010000100000110010101101100110
101000000001000000001000001100000100
101001100010000000001110110001000100
000110110101000011000000001001101100
100100000101000000010110010101101001
000011101000000010010010000001000101
001101000010010110001000101011011001
100110000110000100000000110010010011
100100011000000111001001100000110100
101100001011100010010000001010110001
111001111000000011000010000001001000
001110000000000010100010001100100111
000011000000010000001000111000111111
000110001101100010010000000001100011
000001010000101100000010100000010000
011000100001000000000010001101110000
000100000000111001000100011010110010
000010010010000000101000001000110001
010000100001001100000000000010001010
001000000001000100100000111000000010
001001001000000010111101100010101000
010110000000101000010000110001010010
000001100010000101011111000000111000
111000001010000011000100001110110100
010110100000101000000001011000100000
000001001010100110000011000101000110
100000000000010011001000000011101110
100100000011001100010010000100110011
100101000100100010000000000000000100
100100000001110000110000000001100001
000001010000100010000101000001100000
101000001000000001100100000111000100
011000000000101001000001100000110000
010011000111100110010000100101000011
001010000010010100101000001101011010
011011100010100001000000000101100000
111000011011001000001010000100001100
001001011000001000101001110000000011
100001010000111000110000101011000001
100010100000000010100000001001000010
000001000001000010101010101001011000
101101000101010011001010110010100001
000010101110000000001101000100011110
100001010001000011110000000110010001
110001000001101100100001011000001000
000100101011010010000100110001000001
000101010011110001110000111001100000
010001010010001010110000101100000010
001010110111000000100000101100001001
000010010100000001010001000010100000
000010100001100011000000100001000100
101001000001101001001000100000010010
010101100010000001000000011000001010
000100100010000001000000001111100000
101001000000011111001010010010010000
101011010000000011000010010000100001
000001100101001100010101000000011000
000011000100000011000000100000111010
100100000011000000000010010000000010
011100000001001100100010010001110010
000011100001001000000100000100110100
001111100000000000010010110000101100
000011000000001010000100100101000010
100011001001110001011001000100011001
001100000001110000001010010110000100
100000100000000011111000000000010001
101000001000000000001101100101100000
010000100110100000101000000000110111
010000001000000100011001010010100000
001001100011100100000000011001100100
111000000111000010001000000000110000
001010100000111000101100111100000001
001000000100000000100001100010100010
100001101001110110000001001100100000
000001000001110000000000000100001100
110000010100100011101110001101100001
000101101000001011010000010001000100
000001011110000000001010100000100001
000010110100110010001001000000100100
000010110001000100100111101000100111
100000110000110000100000001101110001
100001010101000000010010000010010000
000001000000001011111001001000011010
010001101100000000000110000000100001
000001001101010010011000110000010010
101010110000000101101010000001010010
100100011011100101011001000100000101
011000000101001000011000000000101010
110110100001001000000111010000000110
000110110000000001001000010000101000
110000000101110100000101000011000101
000011000010010100110000001001100000
100001000010010000001000000010000001
000010011000010010000010110101110000
110101010011010000001000000110001010
001000000000011011011010110000010000
100011100011010010000000110000101000
010101101001010100010010010001011010
100000001010001011000001000000000101
100100010011001100000100011000000010
110010010000001000011010010001000111
101001011111000011001111001111001000
001110000000101101110010001100101110
010001011011010010101110011001100000
000001000100010100010011100001000010
100111100001000100000000000000010000
001000100101000000001011000101010000
001111101100001000000000000101101000
010010000000100001001100000100101100
000110000000111000010101010000100000
001000001010100001110001110010000001
001001100000010010100010100110100101
101100001001000000010010010000000010
010001100110100010001101100100010001
001000000000010000100010001101000001
010110001001110101000000001100000111
101111000000000001010110001000000011
101000001100001001000100011101010000
001000101000010010000010001001010000
100000010000000000000000000001001100
110101010101000100000100100101000100
001100100000001001000000110000000100
000001011100000100000000000000111010
110100100010011101000001000110100001
110100010000100111000101011000101011
000110101111000000100000000100001010
010010000000000001001000101010010000
010000100011000000101000000100110010
100000000011010000000110001000011010
000110100001000010001001100001001011
100000100001000100000000001001010100
000100011000010000111000011001101100
110000101010001001101001010010000001
100010000110110001111010000101100101
101000000101010011010000100000100100
010011000010000000101011100010001000
110100110000001001000010100110000001
010100100101001100000000000000110110
100010010001000000111000000000111110
110000010000000111010010000000101100
000100111101000000010001000101010001
100000000010011001101001000000100000
000011000000000000000001100100000100
101110000001000011000001010001110000
000001100001000000010000000001100101
110010001000010010000010000101100000
011011000000000001100010010100001000
011000000000010011011001100000001010
001010000001010111010100110011100111
000100100100000000001000010110011001
110101011011010010001000000010011000
010110100000101000001001100001100000
011100100001110110000100011010010010
100100000101000010100100010001101000
000001100001000000000110001010110000
001000000001000000000010110000000100
000010000000101111000000000000011100
010010011000100010100000010110110001
100000001001010100100000100100000011
010000000110101000000001100000010000
000101100001001001000001110100000110
001001000000010000111010000010000011
010110000001000000101000000001010100
100010010101011010000100101000101101
100001001110000000100001000101000110
010010000011100001010001110000001010
010000010101010000000010000010110100
101000000010110110010001101000000001
001000100001011111000001101001100000
100101001100000100000000001010001001
101001000100000000001000001100000101
000001100000000001010010010000100000
011011101000000111101011110001010010
100100000000110000010010001001100000
000011100100000011100111000000010001
100010111001010001011000001001101110
100001000100110110100001000110011101
100110000000100011000010000001100101
101110110010000000010001000000011100
100011100011100001010010101000001100
000001010100100000001000100100000100
000010100000011100010110110000000001
010000000000001000000001100110100000
001100101010111110010010100011110001
101011110000010000001110000110100110
000111001000000000100010011001000001
001100001001010001100100000000011000
000100001001001001101000110000011000
001001100010001001100011000000000001
100100000100001101110001010001001111
010100000101101000001000100000011000
001000000001100100010110000101000111
000001000100000000000000001110101000
001000000011100000001000100001010101
000111001101001110100100110011100000
001000100000000000100000010100010101
011001010101111001101111110001110011
000100010100100000101000000001100010
000100000100000000111010000011100010
100000100001011101100001101100001010
010010001000110001000000111010101001
010001000000001000111000100010100000
001110101100011111000010011011100011
001001110100100001000101000000010001
010101001000010001000000110010101001
100000001001010011010100001110010000
000110100001000000100100111000000100
100000101010010101101101000101000001
110101000010110010000100100100010000
100000001100010111000000001000100100
000001000010000011000100000010100011
100001110110010000000010000000010000
000101000001001110000100100000000010
100001010000000101000010010000110001
100101000000100000000000001000000010
000001100001000000000111000000010000
100011100000100000001110100000100000
010000100010010100100001001010000001
000011000000101000000011100101000001
000100000100100001100100000110010011
101101010001101100000000100000000101
101001000010100001010001011000010000
110001001000010000000110000000010011
010000100100010001011100000000000001
000100001000100000001000110001001010
101101000000101000000000010000100000
001001000101000000110001010010001110
001001010000001111000000000000110000
000010000011000000100101000001110000
110011001001000110111000100100001000
000001001010100101000011110000101001
100001111000100011001100011001100101
001001011010100010010000110011010000
100001110100010000000000000110001011
101000100000100000100111001110010100
011000010011111000000000000100000100
000111010001000011110000000100001001
001011001000100001010010100010010100
001010001100101010011100011000000101
100100000110001001000000100000000100
001001001001101000100001001111101101
100101001000010110010011100101000010
001101100100000010010001000001010100
000010000101011110000000101001100000
100011011000000000010000000000100010
100100000000010000010000100001010001
010000110001000001001010010001000010
101001100100100010110111100010101110
100001100100100000011000001000001100
001101000010100000101110001001011000
000010010001101010000010000100000101
001101000000010101010000111010100010
010111101000101000100000100010000011
010000000000111001101000010000001001
000111100000000010100000000011110010
010100000000100110101101100001100000
000100101011011101110001000100000100
010000110101110001001100010110100000
110000001000110100101000100101011001
111001010010001000000110100001000110
111001000010011000001000000100000100
011000000001000111101000000001011001
101000011010011001010110011100001010
100001100000001000000010010000011001
100000000011101001100000100000010000
100010100100100000010000000001001100
011110001000101011010010000010100010
001001010101001000101001000001001000
100010001100101000100001011000101001
010101010001000000000000100011100010
111000100110100100001101001100001010
000101000011100000000010100100001101
000100001011010001010010101000100000
000010100001010101000101001000100100
010000000000000000010001001110101010
000111110000000001110001001000011111
111110001010001000000010000001000001
001001000011000000000001100000100000
010010000000100001100001000000000111
100011001110000010001100000000010010
000001000000000010000000100001100000
000010110011000000011111010011000010
000011000001101000000000011010001100
001110001000001000000011111101000111
001000000000011010000000000110110001
000100110000011011000001110010110001
111000100101000010010001000011011010
100100001001000000000000000011010010
100010001001000000101011000000010000
100000000000001001000000110101000010
000100000101010100110000001010001010
001111000000000001101101100010101101
001000000100110011001100011000001000
100100011110001001000001000000010111
100000100000010000100000000100010001
100000000100000101000001000110010000
000010000000110000000011110000000010
000111100001110110100010000111010100
010110000001100010111100101110100000
011010100000001100100100010000000111
010001000000000001010011101000100000
000001010010010000000001110000100100
110000010110111011101000000010100101
000110010100010110010000110000100001
110100001001100000000010100001100010
100001001101110000011100100110110000
010000000010100101110001011100101000
110000110000010110110101000000011001
010000110101110010000110011100000100
110110001111000100010100100000000100
001000110000101000000011010000101001
010101000000000110000000100100000111
100100001010001110110000011011100001
110000001000000100010001000000001001
001100010000100000110001000000001000
100000100001010000010001000010110100
101000000011000001101000101000010000
000100010011001000110000000010010000
001000100100001111001101101110010001
101000001110000001000000010110010011
110100000001100000000110000000100000
010000110010000111100000111000100000
110000000111000100000100100100111000
100000001001000001000010000100010010
001000111001010001000011000101100000
001000100000001001010001100010010100
011000010000000000000000011000111011
001000110001111000110000010011100101
000111101000100000000100100000001001
000110100010011000000011010110010000
000011101010001000000100010001001000
000110101000100011101011000001001100
100100000000100000011100100111010000
100000000000001100011011100000100000
010110000000001000010001100001010000
101000000001000001011010111000010001
111011001000000010111011100110100001
001101000011000000100001000111010000
001000000000100001100010101011000001
000001001100010000000000010110101001
100110010000110011101000100011100000
001000001000101010000001011100010000
001001100001000100000000000000010000
000101100110000110010000001011011111
101000010010010000000010001001100000
111000101000100000100100001111000001
101110000011010011011100000001010100
010000010000001010000000100000001011
010000000001100001000100000001000100
011001110001100010000000101001001111
001000000000000001000010000000100000
100101000010000100000110000010110000
100000010010011000101000010001000010
000100000111001000000110100000000010
010010100111000010000000100100100000
100011100101000010001000001100001000
100100000010000001000100010010001001
100011110000010000000111101010000101
101111000000010100000100000000010101
010111000001110000000110001010110001
110110110000111111010001000111010000
000010000000100010000011101011010110
101001000001000101010000000010100110
010000010001010010010100100110101001
100101000110110110100100100000100000
110110000110110000100000100010010001
001000010100000101100001010100000101
000011000010000001000110110000101110
000001011000000000100000101000000110
001100000010110000001010000001010000
101010100000101001001110000101111000
000101000010000111111001000000001001
010110000100000100000001001101100000
100011100011010000000011000000101000
000100000100000000011100000001100100
010000010000001010101011010010000001
101010000001100100101000000001001000
100000101000010100001000001100000101
001100000001010000010000001100100001
001000111000000000000110010100100001
010101101000000000000110101010000111
000100010100100000001000001001100101
000100001000000110001110100000001101
000100110010100011001100100000000101
010000100110100000001100000011010010
000010100000100000010011000001101011
000001001000010000101000000101011000
000001100011011000000010001111100110
010000101001100100010000001101100000
000100000101000011101000101101000001
001000100010010001101100010000010010
101010001000000110101001010110010100
101111110100001100100100101000000001
100000000101000010101010011011001010
000001101100111010000000000100100100
111101000000000010001001111010010000
011100111011000000000000000001101010
001100010000100001110000000011001010
001110110000101001010000010000100010
111100000001000001010101110000100011
000001100010000000000001000000000011
100000001010001010011100010100010001
100010000001010000000011011100000111
000010100000000010110000100001110000
010010000100100000001100000100000011
111000001000000110101100100101010101
010000000000011100010000100010000001
100000101001010000001001010100000100
011000000000000101100000000011010100
001001011100100000000000001101000100
110000100000001000000101000101100011
010100000111000010000000101000100110
011000001010101100001100000001010000
111000000010101011000100000000110111
110010000101101001000000000010010001
110010110000000000100010100001000011
000010000100100000101010101110010001
001001110001001110000001011001100000
010010000000011000101101100001100001
101110000000000010001000000101100001
010000100100010011010001001001100010
100010001100001001001000010000000110
100000000110000100001001100010000011
000101000000100001110110100011000010
100010011000000000010000010000010011
100100000001010100011000011000000011
100000100000100001001011101100001000
001000110100010000000111001100000001
100011001000010010010010011100000010
000010000000011001000100000000110110
000100110110000001000000001001110001
101111000010000001001000001010100100
110101010001010000010011000110110000
000010100000000011000000010000100000
001100011000001011000000101010010000
000001010000000011000101100001000001
011100111000000010010001100001001111
111000110001010000000010010100100000
100001111100000001001101001000110110
110011100111010010011001000001010110
010001111000001010000000001111000011
001110001110100110010110000010000001
100001001100000000000000100100110011
000010001100001000111101001101100100
010010110010010001000101001100000001
100010001011000000110100100011110011
000100110000000000000010001000010011
000001001000000010100000010010100000
100111001001010101110100001001111000
100000001000000000001100010111011011
100000110000010000110100001110100001
001011000110111000001000010000111100
010001100100100000101001100000101001
000001100010000001011010001000100000
000010100010010111100000000110001001
110110101000000001000001110000100010
000100100001000000000000000001001000
001000000010010010000000000110110111
000010101000001101010000100010100000
100010000011000000001000101000000100
000001000001101100000010000101010011
000010100000001101000000000100010001
001110010000000111000001011110101110
111000100100100000000110000101100010
000011000000100100010101000000000001
100010011000000000000011000110111000
010010100001100001001000011010100000
000001001000010000000110000000111000
101010101001001000010000100001000011
001000100001000000100000011011010001
110011000010000101001110100001000001
101000100000000110010000000010010011
001100100001100000000100100001011010
101000101000000110010001100001001100
100101110101011001010001110001000010
000001110000010000110001100010100000
100100000001101100100000101001001100
100000100010000000001000011000011101
100001000001010000000001001000010100
