1000000000011000
0100111101000100
1010100100100010
0011000001001000
0111000111011001
0010100001011001
0010000100001000
0101000100001100
0001001100101001
1000000111001100
1000100000010100
0110010000011000
0001011011011101
1000010000110001
1001000001010010
1000010100011000
0100100010011101
0010100010010001
1001001010000110
1010000010000101
1010000001010010
0011110001000010
1001000000010010
1110001000001101
0001000100111000
0100100010101011
0011100101000101
1011011110100111
0100110000011100
0010100000010010
1101001000111000
0100010010011001
0010000010001001
1001010110000100
0100100001010001
0001100001000001
0110001010100011
0010100000011110
1000111010000001
1001110110100010
1101010000110010
0011000110000100
1000001101001000
1100001000011110
0101100110101010
1010000111100100
1011001000001010
0001000010000100
0001000010001011
1100111000000001
0101000000011101
0111100100000100
0001110001110100
0101111101101100
1101000000011000
0111000010010010
1000000101001000
0111000000001100
0001011000101100
0010100011010001
1000100000100011
1010101001100001
0001010010010011
1001000100100010
0011011001111000
1001010010001100
1100001100101011
1011000010100001
0100011010011000
1100001000000011
0011000000001000
0101010000011010
0010000000011000
1010001010000101
1010100100000101
0010001011110001
0110110010001011
0101101100000001
0100101000011110
0001101000000010
1000000011000001
0101100011111000
0001110001000100
1111100000000101
0001100000101010
0011001010000001
0011100000010101
0010110000011001
1000100000001101
0011000000001001
1010100100001001
0100011010011111
1001000000000110
0001000110101100
0010101100011111
0101100001000001
0010001010000001
0001100001100001
1000100010011001
0100000010011110
0010110001000011
0010110000000001
1100000000010001
1000101000010001
1000000100001100
0010100000001011
1110001100000001
0011010011101100
1001000001000100
0010011010000101
1010100000010110
0100101000001001
0010100000000001
0010000010101011
1000101100011100
0010110000100001
1101100000000001
0100100100001000
1111001000010110
0100101100000010
0010001100101000
0001101010001000
1101000010001110
0100100011101111
1000111001000001
0101101001000110
1001001100011110
1000000100000101
1000011110000001
0001000001101000
0110000011100011
1000001111000110
1111001000101000
0011000100101000
1011000001000010
1101101010000100
0110000000001011
0101110000001101
1101001101010100
0001100101000010
0110000110011010
0011000110000011
1001000010001000
0110100010101001
0001010000001100
1100010000110010
0001100100000100
0001110001010010
0001111000011000
1110010101000011
0010110010100001
1101001000010010
1010101000110010
0101010000101000
0010101010000101
0001110000101100
1011011000010001
0100101100110011
1100000000100101
0111010011001000
0100100000011000
1000001100101101
0010100010000101
0100001110000010
1000001011100001
0111011010000010
1111000010011011
0110100100011100
0011100000001011
1000111110000001
1000010101011000
1001001000101000
0010100101010100
1001000000000100
1001100001010010
1001110010110001
0110001010011001
1111011001000111
0010011100111100
1001010100000010
0110100100100100
1000000101100010
0010111101000011
1001000101110010
1000100000000001
1000001001011100
1000010010000011
0001100000001010
0010001001011000
0001000010000110
1011110101100101
0001110010001000
0001100000111000
1110010000010110
0010000110000011
1010100011000001
0010000000011011
0010111001011100
1001001010010110
1000000101101011
0001001110000010
0001101001010010
0100010110000011
1000000100010100
0100100001010010
0001001101011101
0101001101011000
1001100110011000
0011011010101110
0001110001010111
0001010010000110
0001110001000011
1000000101010110
1011011000001000
1011001100100101
1000000101000100
1000101100101010
1000000110010010
1001000010011111
0001100010001000
1111010000100100
0101000100101000
0010000000001111
0100100001000111
1010000111101000
1101110101100010
1001000000000001
1000101010010001
1100100000000001
1001111000000010
0001011110101000
0010000111001100
0101000110001000
0011001010001110
0101100000110010
1000010000100011
1000000010100001
0001000010101001
1011111000000010
1101000000011010
1010100100010001
1001000000001000
0100101010001001
0100000000001101
0101111000001010
1000000000001011
0001111111000110
0010100010111000
1010011010010001
1001111001011001
0111100000001000
0001000000001011
0100111000011001
1000011111001011
1011001100010111
0001110100001100
1010101000010111
0101010010100010
0010000100001101
1000000000010010
1001000010100110
1011100001100110
1101000000100101
1000000010000001
0100110110111100
0010001111000100
0010010001001001
0100000100101100
1001101010010001
1000011010011010
1011000000010101
0001101111000100
1111010111110100
1011000010100110
1001101110000010
1001001100101101
1001001010100100
1000010000011100
0010100000010001
0010000010010101
1011000101011101
0011010010101000
0010111010010100
1100000100100101
0101000111010001
0010010001001101
0010100100110010
0100100000000001
1110110000000001
1000000100001101
0001000010000101
0001110001110001
0100100010010010
1110000100001100
0001010000101000
0101010000011000
1010000110010011
1111001000110010
0001000000001000
0100001101011101
0001000000001001
0101101101101100
0100000010000001
0001110000100100
1000000000111101
1100000101000001
1010010000101001
0001001101111001
0101001010110100
0010100100011100
1000000010010011
1101101000000001
1010100100001101
1010100000000001
1000001001001001
1011000000001000
0001000000001100
1100101001010001
0001100000000101
1010000111001010
0001100001110100
0100100000100001
0001111000100001
0111000001111011
0001001010101010
0011001101101001
0011111000000010
1010100100010010
1110100000111101
0010000010100001
1100000001010100
1110010101010101
0010000011000011
0001001000101010
1001100001000001
0111001001001110
1000011101000001
1010010000010100
0001110001111001
0001100110001001
0001001000001000
0010100100100010
1000000000100001
1001001100011010
0111000000101001
0100100010101101
1001000000110001
1010001011110100
0011000010000111
1000010100001101
1000011000100111
0011000000101101
0101100000001000
0001000100011001
1000010000010100
1100001010010001
0110001100101001
1001000000100010
0101010010110110
1011010010001100
1000000001000101
1000001011011000
0001000110000100
0010101000000101
1000000110000101
1000000000010011
0010000101001000
0100100011000001
1100001110000001
1110001001000001
1001000000100001
0100110101101100
1110010110000001
1000001000110101
1001000000000010
1111000001001100
0110100110010100
1001010000101101
1001110100000010
0001101000000100
0101000000001001
1000000001001101
0101010110101000
0101011100001000
0101010010001010
1000001101111000
1001000000110011
1010010000010010
1001000010101000
0011010010001100
0001110000101000
1000110000000011
0001010000001010
0110010000111000
1000000100000010
1011100000100010
0001001010001000
1111110000110100
0001000111000110
0010000000101011
0001010010001100
0001010110000100
0001000010010100
0010010000111010
1000000101001001
0101010111010001
0011000110110110
0001010100001111
0111001101001010
1000010111100011
0101100011100001
0001000100101010
1001011000000110
1010101001010001
1010001100101000
1001010000110100
1100010100010010
1100010010111001
1000000000000001
0110000011100001
0101011011001100
0010111011011000
1100001000010011
0010101011000011
0100001010000011
0001100000000100
0001000010011000
0111100100001110
1010010110001110
1010111100101000
0001111011000010
0001101000101011
1001000001110001
1010000000010001
1000001101100110
0110010011000101
0011001001101000
0001001010011000
0011100011010100
1011000000000010
1100000011011000
1100000001010101
1001000010000001
0101000000001101
0100010000101101
0011010110001000
0010001010011000
0101001000001100
0100000111100010
0100100001010101
1001001000001001
0001101000010010
0001000010000001
1101010011100100
0010100100101001
0010001101101000
0001001010100010
1000111010000111
1111010001000001
1111010000000010
1000000001100011
1100111100000110
1001010001000100
0001010001001010
1100000101000100
1011000001110100
0001001100001000
1010000010110010
0110101000110110
0101000000101111
1100101101010011
0001100000011000
0001001110111000
0110010111000010
0001001000001001
1110110100000100
1001111000000011
1000001100001000
0100011111111000
0101110001110010
0001011010100010
0010000011010001
0100001111001000
0101011010000001
1000000000001111
1101100100010100
1001000100001101
0101010010001100
0011000110000101
1001001110000011
0001000000001010
0110100000000001
1001100001100100
0101001110000100
0011100000011000
1000000110000100
1011001001100100
0001000000011011
0011000000011010
1001010101110010
1110000000001101
0101101011000100
0101000010001010
0100010011011001
1000010100000100
0111111110100100
0001001100101100
1001110010010100
1101000010100101
1110011110001010
0011100001100100
1000101011010110
1011000000111000
0101011010000101
0001100000101101
0110000110010100
1000101001000111
1010001011010010
1100000001001001
1100000001101001
1000000111111110
1100100010011000
0010110101010010
1000100110010110
1001000000100100
0010001000011001
0101000011000110
1000000001100111
1001000100110110
1010010000000111
0001000011000011
1011000011001000
0100001000011001
0110010001011000
1000100000011101
1010000100000100
0100010000001011
0010100101100010
0100010011000001
1000010100000001
0010110100011000
1101111100001110
0110110000010011
1000101100000001
1010000100000011
1001100000010010
1000111001001101
0111000000101100
0111111110000001
0010010000011101
0100000000111000
1100101110000101
0010001100001011
0001110011001110
0101000010111000
0110010101001000
0100100100011001
0101001010011101
1010000110000110
1110000000101001
0110100010000101
0110010110010001
0100000110101110
0001000001011010
0010100011011000
1000100101000010
1110010111001100
0100000010010110
1100010110101000
1001000000101100
1111001100000001
1001000000110101
0010000101011001
0001010000101100
0001101001001010
1110000110010100
0010000000001011
0111010010011110
0001010111000001
0001100000011101
1011111010001100
1000000001011000
1010000011000001
1000010000001011
1000101000010010
1000001010110010
0010100000100101
1010010100100010
1001110000001000
1000000101011001
0100010011010010
0011101100000010
1000000110011000
0101010100001001
1001000100000010
1010011111100101
0110101100100011
0001101101010100
0001001101001000
1101000010010010
0100100100000001
1000111100100001
1011000111001101
1000000001000001
0001010111000100
1010000011100001
1101010000000011
0101010000001100
0100000100011100
0001001100101110
1010010000111001
1001010000100100
1001101000010001
0010010101011100
0001100110001100
0001011000011000
0001100000001001
0100010110001000
0101001000001101
0001100100111000
0011010110000010
1011100010010010
1011001100101001
1011000001010010
0001100001000010
1001000000000011
1001000100011001
1011010000001011
0011100001101000
1101100001100001
1000010001111000
1001101000110110
0001001100001101
1001100000100111
0010100100101010
1011100001101000
1010000000000111
1001000011000010
1011010000100010
1000011000000001
1000000000111000
1011010000100101
0001100110100011
0010000110000001
1000000000110010
0010010011011000
0010100111000010
0101001110000001
1010011100010001
1110000101000010
1000010000000011
0010101010001011
1011110001000100
0011101000000001
1101010000001000
0001010100001100
1010101111001000
1010100011010010
1100011001101001
0100100101100001
1011111100000101
1001100000011110
1000100100011010
1001001001111011
1010010000011100
1011011000100110
0101100010000101
1100000100001000
0001111000001001
0100101000010101
0001101100000111
0011010000001010
1110100101100001
0010001010000011
0010000001001001
1111010010011001
1000010100000011
0100010010110100
0100100100101001
0101000101001000
0100010010111000
0001001011010001
1000001111000011
1000000110010101
0110100000110001
0011001111000010
0100001010110010
0001001110000101
1001000110001000
1000000101001100
0100101011101101
1001010111001000
0101001010100100
1010000000001001
0010000010111000
1011011100001010
0111000000011101
1101010000000100
1100000000000001
0100000101111100
0011100101110011
0101000100011011
0101101000010010
0010010110100100
1111100011010100
1101001010010001
0010100100100110
1100100000001001
0011100011100001
1010000000000011
0001100010000001
1001100001000010
0001111100010100
0110001000011100
0010010010110101
0010010001111001
1110010001111101
1101100011000010
0001000000011000
0011011000001000
0010100000000011
0010000011100001
0011001110001000
0001101000001101
0001100110010011
1000001000011111
1000010100101011
1000000011001001
1010000000011110
0001000010111011
1000000001001111
0010000111001101
1000000000101111
0100101000000101
0001100101010001
0001010001011000
1000101101011000
1100000000010010
1001101100010100
1010000000001011
0101100000010101
0011000000001010
0100101011101001
1011010100001010
1101000100101000
0001100000001110
1000001100100010
0100010001011010
1111010000101010
1100100100101000
0101000001001101
0001000011100100
0010001111100001
1001001110001101
1001000011010100
1001010101000011
1000000110111001
1100000011000101
1000010000100001
1000010001110010
1000100001010100
1110111000101011
1001010001001010
1000000111000110
0011101101001001
1001111100011000
0100001010011000
0001110010110001
1000000001011001
1001100011001000
0010110000100011
0110100001110100
1000011100110101
0010100000010101
1000010001010010
1100000010000111
1011010000011011
1000000000011110
1001001000011100
1010010110000011
1010000010000001
1101110000000100
0001001010000010
0010111010010101
0101101010000101
1000000001010010
0001110000000010
1100010111011010
0111110000000010
0100011000001101
1000110100001010
1001001101000011
1010101010000101
0101000111100101
1000000000110001
0011100100001101
1000001100011100
0011000001001111
1001011100111011
1111000010001001
0100101000000001
0100110000010001
1010100000010010
1000000111010001
0010110101010001
1000000010001101
0001101000000110
0010101010100001
0111100000000101
1010000100110010
0001101000010110
1000000100110011
1101000000010010
0010101000011100
1001001100001000
0010000000001101
1011000100111101
1001011001000101
0111100010000010
1000101101101100
0100010100001010
1100000010000001
0001100000010110
1000000100101001
0100000110001000
1111101000000010
0010000000111110
0100000101001000
0001010001001110
1000000011110100
1010010010000001
1001101001111010
1000111100000001
0001110011010001
0100110001100001
0001010110011110
1110111010010110
0001001000011100
1000000100100001
1000110000110001
0100100000100011
0001000000011001
1000100001010010
0100110101000010
0001100100001000
1000000000000011
1000000100101000
1011101001000100
1110000100100100
0100100101100011
0100100011001101
0101001000101011
0101110110111000
1011000111001010
0010100100000011
1100111110010100
0011001010011000
0001000100001001
0110101110100010
1101011011011001
0001000010010001
0001010010000001
1110000011000001
0011100001101111
0010101010011010
0010110100110100
1000000011110010
0010000001011010
1001000101100011
1101001000001001
1011010101000001
1011100000001000
1110000010000001
0100100111001000
1010000011011000
0001001011011010
1010000000110100
0100001011100001
0011110000001000
1001010000010001
0100110001100111
0100000000011000
1001001001001000
1001000111010100
0001010001101011
0010001101001010
0110100111000101
0101111110100011
0010000010110001
0001000101001001
1011000100001010
1000001010100001
1010000100010011
0011100010010100
0001101100000011
0101010110010010
0010100000011010
1000010000101001
0010101001110011
0001001010000100
0100100100101000
1010101001010101
1000000100001001
0101100100001001
0001000011101001
0011000011000001
0001000100101000
0001000000111110
0001100001001010
1001010000001000
1100101000110001
0011100001000011
0110001010011110
0010100001111010
1001011101101111
1101010010011001
1110100111010101
0110000110000100
1000000011011001
0010100110000100
1101010010001010
1101000100100010
1011001110000010
1110011001110101
1000001010000001
0100001000011000
1001101000101100
0100100010111010
1101000000000101
1001000010011110
0111110000001000
0010000110010011
1011000001010111
0001110000110110
1000110100000001
0001100100010010
0001011011010100
0010001000001001
1001010000000010
0010011110011001
1000000111010101
1011011010011100
0111111100101100
1000000110100100
1110001001001101
0011000000101010
0001001000111000
0010101000001011
0010000010010110
1010101101101000
0101001110001010
0010110100000101
1110000100001110
1100000000001001
0010000010110110
0010100000000101
0001000000111000
1101100000100001
0001100000010100
1110100000001001
0101001010011100
0001100100001101
0100000100101110
1000001000011000
1100001000000001
0100000110010010
1011000000000110
1100101001101001
0011000101011010
1000000001100001
1101010000100101
1001001000101010
0100000101101000
1010000101101000
0101010010000011
1010010100000001
0100110010011100
0001000111000101
0001001010001001
1000010000001001
0010100011001001
0101000110000110
0110100001011000
0100110101011000
1011110100000010
0100100100100010
1110100110000100
1010110000110001
0010100101001111
1001010000100010
0010100010001001
0100100101011100
1010001000010101
1010000110001001
0011100001000110
0010000010000101
0101001010010100
1001000100011111
0010001000011010
0001101011010001
