1000000011100001100100000000000010100000011000001000010001110010
0010000111000000000010000011000100100001000100010010010000011101
0010110100010100011010000110101100010110000101001001000000010001
0000100000000100100000000100000010000001000011000000010110000000
0100110000000000000100010000000110000010010000000100110000001000
0011001000000001000100010010010001001101000000000010100010000011
0010111100100010110010000000001100000010010010010010001001001000
0110010000100001000100111000000100010001000000101100101000101001
1000001100101000000000010001000110010100000000001001100010001010
0001111001001001001001000111000010000000001100001010010000010010
0000001111000000000000001010110000101010110000000000001100000101
1000100000010111001010000100000101010001010100000001001001001000
0000100000000001100010011000000110100100010100010110101000000100
1110010001000111000000000100010000000001100100001000010010001100
1100000000000010001011011010010011010000000010111000001000001010
0011011100010000000000000110100001010000100011011000000100011000
0011110101000000000000100000011000000001010010001001100010010000
0001010000001011101000100000011101000100010000100011101111000000
0001000001010000000000110000101000010100100010010100100000001000
0010000000010000001100110000011010000000000100011010001001000010
1000010000000001000100010000010011100000100000001000000010100000
1000100000100100010000010000000000000010011101010001000000100001
1010110000010000010000111001100110001100000000011000000100010100
1000000100000110000100110000111001000100110000010110000000001000
0000111000000000110001011000110000011001000001011011010000000001
0100011101010010000010001100100010010001000010000010010100000010
1011010000011001010000000000100000010011000100110000100101110000
0100101001101000000000101001000110000000001000000100111000000100
0000000100100010001001000010000000000101011100011100000010001001
0111100000110100000010010000100100000001100000000000000000111000
1000000000000001110110000100101101000110011000100001001000000001
0001101000010010001101110010011000101001101000000001001001010100
1100010010010101010000000010110001011100001001010000000001100110
0000100011100000100111000100100001000000001110001000001101110001
0000000100001000001010010000000010001000000100000000111000000010
0100000101001101000001000000000010000000110000100100000000001010
0010010110101000000100000100100000010000100000000110110100000100
0000000110010000000100001011001100010000010011000001110000001000
0010100010000010010010110010000000100010100001010000001100001000
0000010000100100100000000001000100010100001000011101000110000000
0101001110010100110010111001000000001100001010000011010001001011
0001001101010111100000110101001000010000000010110110000100100001
0100101000000001010000000010011000100001000010101011011100001001
1000010000110000001000000001011000110011010010011000011101000000
0000001101000001000000001010011000000101010001010001000000101000
1110000100000001010101001110010000000010101000111010101100100000
1100110001100100101010001111100000100100000101001000100010000101
1100000100110011100000000001001000000100101000010010010000000001
1010100100011000000001010001101000000101000000100000000010110110
0110101010111011100011001101000000000000100011111000100001100000
1010101101010000101000001000111100010110110001100010000010001100
0110001110101101000011000010100011100010011001001000100010001000
0011000010010000000100001010000100001000110000010000000010000110
0100100001100110010001111000000010010000101100011000000011010000
0000101001100001111010001001100000000100101001000000100000010000
0110000101000100000000000111100100011000000100101011110110000010
0000001001100000010011110000000001001000100010011100100111000000
1011010101100001010000000110000000000001100110101101010010100000
0000110010100000110101001001000110000010000100000011000100001001
1010000100001100010000001110000000111000001010101001010000010100
1100101001000000010010110000000010000010000000100100101110001100
0111010110100000011110011000000000000000010001000100100000000011
1010001101000011010010001010110000100010000000100100000001000100
1001010000101000000001000000010000000000100000010000000011001110
0110000000000001100000010001110100010000110010100000000100100000
0000010111011000000000010110000000100001000000110000010101001001
1111000001001000001011001010100000001110101111011101100100100010
0110010000000110010100000000000010100101100100001010000000101000
1000000010101000101011000010011000010001000011100100111010011001
0000001010000000000110000000000000001101000100010011001101001110
0000110000100010100000001000100100100010000100110110001101000010
1000101111110000101110100100000110010101000000000000011000001111
0100000010110010010000010000000100000001010000010000001000101010
1000000110000000000000110000000000010100100100011000001101001010
0000101001010010001100101000000000100001000101001000100000101000
0110001010000000000110111000000010000001101000000000011000101100
1100000100011010100010011100000000000100110100000000000011000100
0100000100100110000001001000001011000000000110110001000000110001
0000010010000010011011100100011011000111000000010000010100010100
0001110100100000000000000010000000011000100011000000010100000101
0110101000000100100010010000010000000000100100111001000111000010
1010000100000101111000101100010000000101101100100100111101110010
0000101000010000101100000000001000010001010010110000000001001011
1100111001100101100100110110100001000000000011011010000000001000
0011001001100000001101001000110110010010101010001000000000011100
0010000000011000000001110010000010011001110110001100100110001100
0000101000011100100000010010110000001001010000110011010000110001
0000011011010100100001000000001010000001000000000000011010000000
0111011000100000101101000010001011111101101100100000001110000000
1001100010000100010100000000001001100101000001110000001010110001
1010001000100100110101000000010100010000001010000101000010010001
1000001000110110000000110111000000100011001000101101111000100001
0100010000110000010100011100001000011000001000110010011011001101
0100110000000000010110000010000110010011000110100000001010110100
1101001001101001010100000010000001010111000001001001000100000111
0100000110000010100000000010100100100010011000010010000110000011
0111010000000001110000010100110100100011011100001100101101000101
0010001100000110000000000001010100000000000001100110100111000000
0000000100110100000100001010000100001101101010000100000001010001
1000100000110000000100101000011101001011000100100010001000001001
0000000100000001001000001000000100000000100000000000110001000000
0000000100000000100000001011100000010000001010000000010001000101
1100100011100110111001010110000000101100000000000001000000101001
0010010000010010000001010000101101100010111100000010000000101010
0000000100011101000101010111111100001000000100110001101010100000
0000001001100001000000100111100100000000100000000000000110000011
1100000000101100100001110000000101000100000000010011101111000000
0001100010111000000000100010010100100001010000010101000000000001
1000000111001001010100010000011000000001001100000010011100101100
0010001000100010100000110000011000001010000000101010010000100000
1010010010000011000100010000100100010101000000010100100010001101
0010000001001001000111001001000010100000001000000110100001010000
1010000010010001000001000010110000010000100010110001110010010010
0001001000001011000010000100100011000001001110000001000000001110
1100000000010001110001111001001000000001110000011001000000110000
0001000101101010100000000001011000011001100101000011010001000000
1001110000111010001001000000001100101010000000001010101000000110
0100000000000011000100000000100110010000011100000000100100100100
0000110101000000001010011100001000000000010010110011001001000000
0110100010000010101000010001000101001010100110110000111110101001
0000110000100111000010110101000100110001000100001000000110011000
0011011100110011100100011010100001000011100010000100010101100000
0110101000101100001000110010111011000010100000101111000110000000
0000011100000100100000001010000000000001100000011100111001101101
1000000110010000100010100011100100010101110100001001110000001010
0110000011000100001110100001000000010011000110111000001011010000
0100001011101101010000111001000010000010000010010000000001111110
0001100100001001000000010000000010010100010010000101010010010100
0101011000010011011001001000000001101101101000000101010010000010
1010001000000000011001010001000000001000101000100100000010000000
0000011000000010100100010000011010001101100010100001011100001110
0000101111000000111000000101101000000100000110010100000110101010
0101100111000001000000100001000100010110000010000000000000010000
1100100110000011000000000000110010000011100000010011100001000010
0010000010000000100001100011011001011000010000010100000010001010
0010100110011101100000000100000000011000000000000110110100001010
0001110011101011010110001000000011000100010000101101000000100010
1010000001000000001000000011010100100000000101110000010010000000
0010001110001000000010010001010100000110011000000001000001100000
1000000000000000010010010010000001000000011001011100000010000000
0100000110001101010010000101011110101000101000011000010101000001
0000010101100000110100010000100000010001001010000010100110001001
1101100001001100000101010000000100001011100010000100010000001000
0000001001100110000100000011110101000011011001011101010010001000
0001100000100000000010000100010001010011100100010000001000000010
0110101001000000000001100000001001010100000100001000101101010000
0011011000010000100000000010001100000001000010001101100000100001
0100111000011010000100010010100001000010000000000010010111001000
1000000000010100100000010110001100001000100000100000111000001010
1000000000000000001110111100000001001011000010100100000100100000
1011001000001111111001010000001000000000000000000010000010011000
1011101000101000000010001111000001001010010001010000010001000100
0001010100001000000000000000110100100101000100011110011000000010
0001000100000010010010000100010011000100010110000010000100011101
1000000111011011000111000000100100000011101010010100100011000111
0010100011000001001000010011000100010100110010000001000001011110
1001010000000010110000100010100000100110000000011000100000000010
0010101000001000000010000001110100010000000010000000100010011100
0001111001000100010001111100000100001000001101000001011100000100
0101000101010011001110001010111000010001000010111010000000010001
1000011011000100100010000001000101000100011010000100000000110100
1100010010010100001110000010000010011001001011100110011001000001
0010011000100000010001000000001001001000000110010001010011001000
0000001110011001000000000100000100001110010001010001010100000100
0100000000010100100100100100000000011110100000001000100100010000
0001001000010001100001101000101001100001001000010010010100000011
0100001010100011000101000001101000111010010000010011010101110000
1001011000001000011001001001111101000000000011001000000100001001
0011000000000000001010001001000110000000010000000010001000001010
0010110100110010100001100101000100000000001000111001000010000000
1101100000000110100100000101000011100001000100100100000000000101
0100000000000000000100001000000101100000001101000100001001011001
1000001001000001011101000000000001000000100010000110111000011000
1011110001100010000000001100100001100000001000000000001100100001
0000001011011010000100101001101001010100011000000000001010100101
0010110101100001101000000111101100001001100000110001010001010001
0101010000000000010000100001101000100010111000011110101010000001
0001010010110110000000100010110000100000001100001011100000000001
0000000110000100110001001000010110101011010000010010100101001100
0000000101111011100001110000110000011000000000100000000101010000
0101000001100001001100000011000010001101000010111000000011110100
1000000110001100010010001010000011110110000000001100101001000000
1100000010000000001101110010100000000100100000100000000000010000
1011100010101000111001010000010100001010101000110001000110010111
1000100010000100010001010000000000000010110000010000100000100100
1100100000000100101000000000001100100100110000000010000100000101
1001010100010100000000000000000110000100100100101100100001000011
0001101100000100100011000011101010100100101011000001001000100100
0010000001001000100101010000110001000010001010010001000011000000
0000110100011000101011110000011000010000100010001100100000000110
1011100000110001010110100000000011011100000101000001000000111101
0100000000000000001101011000000000001000101001100111011000000010
1010000000000000100101010100100100000000010100001100011000100001
0000010000000000010010011100100000000001010001111001000000000110
0011000000110000100101000000000100001010010010000010010001010000
0000001000001110101100000100010000001111010000011111100011000011
0100001000010000110100000010010011100111111010110110000010000101
0110100100000001000000000000010101101100001111100000000110000001
1100100001001001100001000000100000010000011101000000100000010000
0100010100001110000001000111101101000000101001100101000011100000
0001100100000001000110100010101000101010000000011100000011001100
0100000001100100111000000101001001100000001000010011000011010100
0010000011101010011100101100000000010010010100000000111001110011
1011000100100011000101000000001110100110100000100001000001000000
0010000000000001000000000000000001000010000010001000000100101011
0101000000001000000000001001000000010001000010000001000011001000
1110100001010110001000000000000100010010101000100110001100000100
0010110111000010000000011001100101000000110100110010001010100010
0011001110001100001111100000000101000010001110100101100101000100
1000000110000000010011110010011000100000010100000000000111001000
0110000100001001000001100010110010101000000000110000001001010001
0000101000000001000101010000000000100000011010000001000011000010
1011010001001010100010100000001000000011000000000001000011100000
0000100111101000000001001100100000000000010010101010100010001100
0100001010100000010000000000111000000101110001001010000000100100
0100100100101100010000001000001010101110000101100010100111000001
0100001010001000100010000111101001001100001010011110001000111000
0010001111000111001010011001100011100000000000000000000010000100
0001110000100000110100001000011101010000000010001101000100100100
1001110001000010000000100000011010000001000000100101100000100000
0010000110000000101000001101100000000100000100101000000000110000
0011110100110110110000110000001000001000000000001101000110000100
0100100000000001000000000110100011110100000000111100001111001100
0010000111001100001110001010000001010000100100001001000010010000
1100000000100100000100001100001011000100001000011011001100101101
1100010000101010010000101000010110000010001010100000010000001001
0010010010100001110110100010001011010010010011000010000101010001
0100100100000000011110000000110000100100111011100110010110110110
1001011000010000000110100001000000000001010100001101111100100011
0100000001010100100010010010010010000101000010111001101000010000
1001100010000010001000000000010001000000100000011010000000101010
0100001011101001010100100000001011010001001000000000001101001000
0100010000001000000000000010000110000000001000011000010010000000
0111000100010100000000010100110001000100000001101000000101000001
0001001010100100000000000000001001001010000010011011001100010010
0001000100000110000000011000001110110000000010010000100110011000
1101010000010100000000101000100000001100000000000010001000000011
0010000100111010010100001100000001000000011000110110000010000010
0000001001000000100000110011001000100001101011010000000010101000
0010001001010101000101000110000011110100011010101010000100010010
0100110010010110100000010000000010010010001000001000001000010101
1000000100010101110000100001001010010011001010000101010001001001
1000000110010010000000100010010101001000011101010011000000110000
0000010001100101001100011001000100110000110111100000010001100000
1000000010000000000010000001110100001001010000111001001010100000
1000011001000111100010000100111000000100010000010010010010000000
1101000000101011100001000000001000000100010001000000000010010000
0110100010000011001000111100011100000001100000000100001100001111
1001000100100000000001000000010000100011001101000000000100110000
0000001110000010000100000100000010000000001000010000000000101100
1000000011000101100010000000000010000000101001010011011001010000
0011000111000100101001000010000000011010000111100000100001011001
1010000010100101100000000000000111001110000011011011101000100000
1101011100010000101010010000100010001100000010100000101111010101
0010000111110000000001011100000000010000111000000000001000010000
0000000100101000000100011011000100110101000110000000101100011101
0010001000001000110100010000010110000101010100100111000000111010
0000100000100111001000001100000100001000001001000100000000011100
0010000000101000000000010001010000011001100000000111000011000000
0011010110001001000001010001000000110000000101000010010000010010
1000101100000000000001100000000100100100000101000100000000010000
0011000000000100001101011010010001000010001000000000010000100011
0100101010000000100101010010100100000010010100011111100111101010
0011001010110011000101101111000110100001000000100111100101100000
1000101000100001001001011110101000100010000101011000000001000000
0010001010000011001010010000000101010010001000010100100001001111
0001000010000010101000110010100000010001001111010011100000101110
1000000000110101000000000011000000100000001100010100101010100010
1000000000000000100001100000001000001001001001010100000100110000
0000010001100001000000000010001001011010110001000110010001000110
0001101100000000101100010100001010000010010000010100101010000001
1000000100110110100100110001000000001000000110000010101010100000
0011000000000010000011100000001000111000000010001000000000000101
1000101100000000110000010101001000000001001100100011010001001111
1100001000000000001000000000000110100000101000011100010000110111
0001001000000010111010111000101100010001100010110101001111100011
1100001000010000010010011010000010010000100001100000000111010010
0000010011000101100000100000100010110000101000100100101001011000
0111000100000000010100010000000101001110100000100010010000010100
1010000000000000100001101000100001100010000000100001000000010001
0000101010011001100100000001100010010100000010000010010100000001
0001000000100100001101000000000000100001101001001000001000101010
0010000001001001100001100000100001000110000111001000001001000101
0100010010110110000000000100011010000101110000010100010000000101
0100000000011101011000011000001110100000000011001000000100000101
1010000000001101000000001000000100000010010101011101011000010010
0000001001000000000000001000000000100001110000010100000000011000
1101010110001000010000110010000011001000000000100001000100001001
0000100000000100000010100011000000000001000110100000000010000011
0100000000010110000000000010000110000011100010010001100111001101
0000100100010010010000000011001001101001110010010100000001010000
0000100001001110100101110000000001000010011001000000101110000000
1111100010110000001011000000010010000011100001101100110100010000
0100100000010110011000000110100010100010001001000000100001000111
0001001010110010111000000001000100010000100100000010000011001010
0001000010010111110001100000010000000110000011000010101100010001
1100101001010000000001100000000110010001010000010010001001001010
1100000000001000110001010000001001100011010001000010001000000100
0100000001110111100101000000000000000010000001001010010001001000
0010011011010000000000001000000000000100001001001000100100000010
0110000010100000100011001000001100000000000001000000000100001001
1000000010000111000001000001000110000000010000011010000000000001
0101010100010000010001010001001010100010000110001000000100001001
1001001100010100100010100101110001000000111000111110000010100110
1000110110110000000000010001100110001010000001010100001001101000
0000101000101000000010101000100010000100000000010010000011010010
0010000010010000010000100000100110110101110000111000000000001100
1000000010101010000010001001000001000000010000010000010010001001
1001100010010001101010100110010001000100000001000110000000000010
0000000110001000010100101010001000000000100000000000001011110001
0000010010010100010000000100101100000001000010011001100100000001
1100101010101001000000000000000010011101000001010000000000001000
0000010010000000010001001000110010001100001000001010100011010011
0000110000010000100000100000000101010000111000000001100010100001
0000001000000001100010011010000001000000010000101011100000000010
1000010100010100000010100000001000001000110100100010000110001000
1001010000001001101000000000011001011100010000000110000001011101
0001100000011010000100001110000100001001000110000010001100001010
0100000001000010110000000000000000001000011001000000001100100000
0000110000001110010000000000100001000101101000000100010000110000
0000011001100011000000000000010001010000000000000001100010000010
1101000010101110010000001000000010010001001001111100101000100000
1101001111001011010100101011001000110000010000101101001101000010
1000000000000000011010010011110010010001010000001000101010000001
1000001000000010010001010100000001000110101100100011000100100110
1001100000110100101110000000101010000000011000101000101100110100
0110001000011000000100011011000001101000011000000100001000011000
0001010000001000010010110100010010010000000001000001000110110111
1001000010001000000010100011100000100010000001001100010100101000
0011100000000000001001001000001001000100010010000000001101001101
1000000000010111001010001001100010111001001000111000010010010011
0000011100011001000010100000001101011101001101111011100110011110
0100000010011000001000110000000000110110100000000100000000110010
1001100000010100000011010001001001100000001000100111100000000010
0000001010001110001111000000101000000000100100001001000100110000
0000010010101100100000001111101100000100011000101000001000010001
0100001001101000000110101001000101000010000101010001000100000111
0000100001000011000000100110010000000100001000010110111010000000
1000010010011000111100011000011010010000110001101000000101000110
0111001010001101000000010001000001101110100001011000000000000110
0001100011101000001001110000010000000011000100101001000010000100
1001000010101100111010100000010000001100110000111101101100000100
1000000011000100010101100010001010010001111000001010000000000011
0111010000101001110111000001010000101000110101100101011100000110
0001100000100011111000000010101000000101000000001011000000011000
1001000101001100000001110001001101000011111110001001001100000010
0001000000000010010000110110101100011100001001110001011010010100
0010010000100000100100100010010101000000000000111100100010010011
1000110000100011000110001000001100011000101000100100001010000000
0100001100000001111001100100010000001000100000000111000110000001
0110000110010100010100001100000000000101001110000001010000001110
0000110000100001001000010101100101000110101010010010101000010010
0100100000100000000110101011000010000111001001000101001000010101
1010110110001010100011100000010000010001100000000001001010010100
0000001000111010000010011111001000001100010001100100110101000000
0001110000001100000000101100000001000011000100001010001100111010
1011000010000001100000001000100110101010000000001010001000000101
0011001011010100100000000001000000000011001000001000110101010011
1001010100010110100000000000010010001001100010000101101101010000
0100110010101000000000000010000000000100011001000011000010100101
0100000100000100100101010000010000000010000001100000110000010000
1010010000010000011010110000100011111000111101010000000000000001
0001000000000000010110001001101101000010000100000011010101000001
1011001101000000000000001100101000010000000000011100000010000000
0000110001000000001011000011101110110001011010101001001100010000
0001001100100110000000000100001010011000011110001000010110000000
1010000000000000000000000111111101000001011101010100011010000001
0011011000000000000000000001000100000000100000001001000010110011
1010000111001000001010000000001001101000101000001000011100011000
0110010010011001000000101000100110100001010100000000101001110010
0010000011000100101010010011100001010001100001010011111010000100
0001010010000010000001010011110001001100010101010000000101000000
0000100000000100111000111101000000011000100101010000010001000000
0000110000000100011001100000010101101000100010000000000110101000
0101000000100000001000011000001010000011100001001010100000110101
1000001011100101011000100100001001100000100001000000101000000001
0101000100000100000000001000101000000010010000010000001000001010
0000100001001000000001100010101100101000000100101011101010000000
0000100100101011001110001010101000010100001100110100111000100010
0100000010100000100000000101001100000110100110100000000010100000
0000101001011000001000000001000010010000001001010000000111001100
1000000110000011000100000000011101011010011101010001110000000111
0100000010001001000101000010110000100000001010000111101001000001
0000010000110001000010100000101010000100101000110100001001000001
1010011001000000010101101001001000100100010110101000001100000001
0011000000000011100000000000000000100000010011110001001111100001
0100001000000011000000010100000000100100010101000000100010000001
0110000001000000000000100000001010000010010000000010000000001101
0001100011100110000001011100100000100000000010000000110111000110
0110000101001111010000001000000010000000000000000000001001000000
0100010010000000000101011000110100011000010000000110001001000000
1000101010000010000000100100011100000001000111011101000100001000
0110000000000011000100001000100000101000000000000000110001010000
0000001000000001000110100111000000101010010100001001010100011000
1011001101101010000011000100101110010101000010101000000000011100
1000001000011001001000100000000100101000001100000100010011000000
0010000010010010001110000100001001000000110000100001000101111101
0100100000110001110100000000100100000100000100100010001010000101
1000000101000011101000101100001100000000100011100001000010011000
1000000110010011101111110001010100000000011000100010000101000011
0011110100100100000001010001011010111000000000000000000001010000
1101000000000000100000001101000000010100000100111000000001001100
1001010100000101010000000100000110000000000010001000000010000000
1000100011000000001000000001100100000110000001001000011100000001
0011001001010101000011010100011000011010011000010101000011000110
0100001000110100010010001000010110000000000101000100100001010101
0000001011110001111001100010110000011000110100011001010010001011
0100100001000000001011011000001000000000010000010110001010101000
0100000010100000011001000010100000000010010010101000000001101101
0100001000010001101000011000000010111010000000010000000100000110
1101000000000100000101000001001000001110010010000000001100010000
0100001100000000000001100111011001000001100000111101000000010000
0000010000000000011011100101101000001110001001100000000110000000
0010001000000010011011110000111010000001000010000000000110101000
0000110100100000000010001001010111010100010000011000000000010000
0101000001000110000000010100000010100010000101001000000010010000
0010011000010001010000011000000000001100000110001011100001000010
0111000000011100001000001001010000001100100001100100000110100111
0000010011010010001000000101010010010110100000011010110000000010
1001001000111010011001000100110001001100101011010001000101000000
1000011011100000000011101010010000000000100011000100001110101010
1000110010100000000000001100100100000000000000000001100100010101
1001100000011010100100001000000100000001000000000000011000001100
1000000000000001110110000000000000011000111010001001100010100001
0010000000000000000010101010101100011001000010001000000001111011
0000100001001110010000000111001010110000000010000001000100010001
0000100000111001001000010001000000011100101101000000010000001001
0000010010000011011000100010000000101010111001000000000000000100
0010100010000000000001000001000010011000001000001000110001000111
0010000001110001100010000001001000001110010100001000000111001110
1000100110000100010000000100000011011000000000001010110010000010
0000110000101000010000001101000110010000000010000001010110100100
0011100110000001000000111010000100000110000000010100000100000001
0000101000010100011000011010001100001011000000100010011100100001
1001001000000001010100100000000000000100000010000001000000001001
0100100000100101000000000100000000111000000000001000001100101101
1011001001000100000010000110111010010011000010000100001100001111
0000010000000000010001010010100001000100000100011010100011101010
0011000100100010001110101000001100010011000100111000010110000000
0000001110010100001000010010001100000000000000000001010100100001
1010100111000000000011000000000100100100000001111000000101011100
0000001000100001000100100000010100110000011011011010010110000000
0000100101100010000011000010010010000010001001000000100010001010
0010101000001111000100100111010110000100001001100000000000001000
1100001101000101010100010010000101100101010101110000001101111001
0000001001000001100010000111100000010000000000110110000000010110
1010000011001000000001100001100000100010000100011000100000001001
0001001110000000010101011000000010000000011100011101001001000000
1101001000000000100000011010000001000010100001000000001100000100
0010111010000101010001100101000000100000000001010010101000010001
0001010001100001100000100000001000100100000000110010001000100000
0100000011000001000001000001100100000000111000100100000011000000
1000000000000001100110101000010010011101010000100000010110110010
0010001000100010000000001000110000101000000000010001011001000100
0101010100010000000110100100010110000100100110000011011000101001
0000010000100000100010000110010100001011000010000000011110001000
0110000000010000000001100101010100000100010001000100100011101001
0000001010000000001100010000000000100010100011101011000000110000
0001010010001010000010010101000000001111110011101000110110001000
1101001000100001001100111100000100000010001000000000000000000010
1000101000000010000111000000111001010100000101100100101100000101
1011000000000001010001011110001000001100000000100010001010001000
1010000011100010000011100100000000110000100000001010000100100000
0000001010000000101000010000010001001010000010100010001010010001
0001100100010110110010010011101100010000100000001000010010000010
0010000000001001010100000000000100010000000000000001011011000010
0000000110110010000100010011100001000010000001001110111011010001
1100000001110000100001001100110001000100010000000010000100111100
0000100001000110011101100100001110000000000100001010000001000100
0001111100010011000100000000100000011100101001011000000010000000
1000110000000101101010100010000011011000000001000001100011111000
0001010000000011111000000000000100001011111101001110001001110001
0001100000101110010000000000010000100001101001010000000001100101
0100000000110011100001001000101010000000001100000011000101100000
0000100011001010000010110010000000101010100110010100000010000110
0101001010100111110000001000010010000000000000000010000011101000
1000000000000111001000010000110000100011000000000000000000100001
0100000100000000001001001010000010000000010011101000111001000010
0001001100000000100000001100000000000001100000000001100001100010
0000111000001000010000000110000101001010110000000001110010101000
1000000010000001000000010001100010100000000001000100010110110000
1000001000000000011010100101010011000010010000001100110000000101
0000000100000100100000000101010010000010000010000000001110111110
0110000010100000100001110010000010010111100000001000010100111001
1110011000001000010000000010000000111100011100000000000110100001
1000101010000010000000000010100110010000111011000011110010000010
1000001001010000000000010110101000011001010001000100000100100100
1001001101011010000010100011000001010100000000001100010010110011
0100001010001000101001100001000010000100101100000100001100000100
0000010000010100000000010001101000011000000100011011010100101100
0111010101101100010000011001000011001001001000001000000101100110
0001000100000000110000100110001101001000000101100010010110101000
0011010100101000101001000000110100101110011100011001111000000010
1001001010011100001001000000101001010011010101101100010111001010
0010011000100000010101001010100000000010000000000000100101010101
1010001010101000000101111001000010101101010101100010000010100011
1011010010110011000000110001000110101000100000000000000110010000
0000100001100110000000100000000000000000000001011110100001000001
1101111000000000011010001000000010000100001010001000101100010000
1010000000011101011110101100110100000000001000000100110001010001
0100000010010000000000100000110000000000010000101100010100010000
0000111011000101000100110110000001000100100100100100000000100000
0000011000110100100010100000000101001100011010101010110011001000
1000000101101010110001101000101011000010101000010011001001010010
0111000000100100001011010101010100010001101100000101001010000001
1101010000100000000010000101000010000000010000001110001000000101
0000001000111101101010000000010011000010001010001011000000001110
0000000100010101001010000110010100001010000100001100000111010101
0010000010110001010010000000000000110001000000000010000000101001
0001001000000111101001000001000100101000111100000011101110011000
1000011010010000001010000000100000000101001001101001101000100100
0000000101000000000000100001001001000000000010011000000100010101
1000000011101000100001000000001000000100010101010100001000000101
0001011000100011100001100010000010100001001101000100000110101000
0111100000000001110101011000000000100100000010000101100010001000
0001000010000000001000000001000011100101000010010100000101010001
0000010011101000001101000000000000000000011010011010010010001100
0100000000000100110100001101000010100101001010100000000100010011
0000010000000001001001000010100000010100110100010100001000001000
0010000000000000000010011010011001001000110110000101001111100111
0000110000010001100110000011000101000010000100010001001110100000
0011010100000011000100000001101000000010111110000000010000010001
0110100010010001000100000011000100010010100010001001000011100101
0010100101000000001100100000001000000000100011001100010011000000
1100011000111000001011000110000010000101000010000000000000000011
0000000100010100000100100000010100001000001100001000010001010100
1010100110100100100101010000010000000110100100000010111001100000
1000100000010101110101010010001100110000001010111000100000100000
0001100111110000001010000011011010000000101001000000000000000110
0100000011000001000010000001000101001100001001000000001000000100
1000110000000000001000111000111111110000000001001000001000110000
0000110110001001111000000000110001101000000000110010010101001000
1010000000000100011000110000000000010000100000110000010010110000
1001000000001001000000000001010011000000010010010100001011101001
0100011011001100001100000001000110011010000101000010101110000010
1000000010000101000100011100010000110010000010001000001000101011
0100000000000011001010100000001010000010100111010000100001000001
0001000010000000000010000000011010010000001000101011001000101001
0000100111010000000000000000110101001011000010000011000001000000
0100000000000011100000110000001101100101010110000000000010001010
1001000101000010000110010000000100011000011100000000100000110100
0000001101100001000000110001100001010000110000000100101000101000
1000000010010001000000100010000111100000000101101000001000100000
0000000100000000010000011000000000011100110101100100100110110100
0100011001101001100001001100000010000111010110001100000110000110
0010001111000000100000000001100000001101000100000000101010000111
1110100011101110000100011000001110100000001000110100000111000000
1011010100100001100100100000100100100100001100000000010111110000
0101010110000101000000001011000001000100001100000000000000000111
1000001000100101100000000100011010110111010000000110001000000100
1100000111001011100000001010100110110000000000001000000100100000
0100000000000100000001000000111010000001000001100000100000000100
1111010000110000110000000000000011101100010000010111010010000001
0001001000010010011000010100000010000010000100101100110000000110
0000001110000111000000000100011011000101000000000000100000000100
0000010010001000010010000000111000100111000001001000100001101101
1110011010100100000000000001000001000000001000010010101010000000
1010000000001100010100011000001100110100001010001111000010010101
0011100011001111010000000101001000001000001000010010000011101010
1010000001101101010111010000100001000010000010000001100000101101
0000000100000000000000010011000110100100101000101100010110100100
0000001011001000010001100111010000000111001000010110010011010010
0101011000000100100100011100000010000000100011000010100000000111
1000110000000000100011000001100000100100000110011000100000000100
0000010100000111110001000100101100110000000000000001010000000101
1000001000000001000100000100000100101100101110110100100000100100
0000010100000001010001100000011101010010101010000101000001000001
0000010001011000010000001010000010101010100000010111001000001000
0100100000101000101101010100000000110010110111100110110010001100
1110010000000100100010110001001000100001000011000000001110000100
0000001011001001110101000000000100000111001000000100000100100000
0001000100000000101000000001001100000000010010010001100111011100
1000100000000110100000101001001010010110000100001000010100011110
0000110010001000001010000001001010010100000010111011010001001100
0001010011001001000001001001000010000000011101010000000100100000
1101001100000000010101000010011100010001000000000100101000110110
0110010000000000000011100011000111001110010100010100100101000000
0011000000100000101000011011101000000100010000110010000000001000
0000011000001011000000001001000110100010101000010000000101100110
0110000000000000000100010100100000111010101001011110001110000000
1001110101000000000001001001001001000000010000010101100000000100
1000010110100001101010000101100101101000000010000010000010101100
0001000100000000100101010000000000001000000101000011111000010111
0000001011100111001110011000100001000001000001011001000110011010
1000100011010000001000000010001001001000010000001100010101000010
0000111010100000100000010010100010000000000010100000101101000100
0001010100000010000000100000000000110010100111110000000000110010
0100100100000000100000010001100000000000000101010100000100010101
0100000101001001001000010001000000001101000000000110111010000101
0101000000100000000101001100001000010000000010000011000101000010
0101000101001000001000110111010011000001010001011010000000110100
1100011110100100000000000000000110111111000011010100100000001000
0010000001100000011101011100001001010000100001000100000000000111
0000000110011100000000000000100000000011010000000010011001100000
0000001110010000001000000011000000011000100000010100000001100000
0011100000000000000110100001000011000000101111000001001100010010
0100011100001010111111100100100011000000100001010000000110000100
0000010111011011101100000100001010000000010100100101000001010001
1000000000001001011000100000000101010011000101000010100000010111
0000010010010000110010001010100101100010100100000000010100010101
0000011000000010110000010100010010000011000010000011000000000100
0011101000110001100000000000010100111110010001010000100000001000
1000100000000010110101000000000100000000110000010011000000110100
0000001001000011001001000000011100101100100000010000101010111010
0010001000000000010000000110000010000110100010010100010000000010
0011001011000001000000000100110000100101000111010000001000010011
0010000101100100001100010011010111001000000100101010010100010101
1010100000101000000000110101000001010010000011100000000000001000
0000101011010100010100100100010000000000101000001000000100110010
1000000010000110100011001011000000001000000000101100010001100101
0010000000100100011100010010000000000000100010000000000101110100
0010100001000001000001010110001000110000000000101111001011010101
0010101100000100101010000001101101001000000000000000011100000100
0000000110101000100000110011000000000100000011000111011000001000
0010010000111000110101101000011001000100010111001000010101000000
0100110111010000110110010001001000000100000001001110110001100100
0110001000010011011101010001000000000000001000011000001010000011
1101111000010010101100100100000010010000000010101000000100001100
0100001101000110001000100111000100000010010101011001100000101110
1110001000000011000000000000000000010011100100011000100010100001
0000100100001010111010011010101000010001100000100000001000100001
0010100100001011101001001010001010011100000000000000000110100001
1010000100100000000100011001000000100000100000010011100000000100
0100000010011001000100001100001100001000000000000010010001011000
0100001001000000110101100010000000101101000000000000000011000000
1000000111001100000110000101110100000011001000000000100001110000
1000010101101010001100100000001011000010000101000101010001010100
0000010010000101000100000000010000000010000000000000101110010010
0001000100000010110010000001011000110010000000000001000000101000
1000000000100000000011000110001000100000001100001010010100010000
0000100001000000110001010000001000111110100101000010000001100000
1001000000000000001100001010100101110110100100010101010000010010
0010010001010101000001000100100000111010100000100001000001100100
0010000000000100000010000000001000100011100000000100000100110100
1001000100000000011101100101000001000000000000010000101000100111
0010010010010000000010010011100111000011010000001000011000100000
0010001001101001100100010100010001000010110011101000000011110100
0010000011010110000001001100000000101000110010110000000011000000
1101110001000000010000000000000000110000010001011010010001000000
0000100000100001001000100110100010100010101110000000111000010000
0001000010011001100000010010110010100110010001010110100010110100
0001101001100001000000001010000101000000001110011000100000000011
0000001000000100100000001100110000011001010000001000010000000101
1101100010000010001000010011000101111101100000001100100010000000
1010000000000101110000001001010010110000101010000101000000100010
1001001010010100010000000000000010001000010011101000011100001000
0011001110100111000100101000100010000000000000000100010010000000
0011110101000100110011000000001011100100010011010000000010000000
0100000100000010100000000000000000100010101001000000100000100001
1000100010000000001000000001101101010010001100011010010010010100
0000100100011101110010001011010000010000001011110101001000001000
0100010000010010000001110001010000100000101100101000000100010001
0000001000111011000000001011110001000001100000000100010000001000
0001010011010100000010000000000101100101000101000000001000000011
0100010100100100001000000011000000100010101001000000110010000100
0010100000110100110010011000000100001000000100010000001000100000
0000000111100011110000000000000101000100000000100101000000000011
0011001001010000001010011000000010000100010000000101000000100111
0000100001100000001100000001010000010010100010000111010000011101
0100010000101011010100010010000000001010001101001000010001010000
0000010000000000011001001001000000001100000110101110000010001101
0100010000100110000011011000100000000000001000000000000100100110
1010101000000000010101001000100100101000001101010001101000011100
1101101101010010001111000000110110000000000001000100011010000001
0000100010010000000000101001100101000001011010010110100010000110
1110100101000000000110000001011101000000100010000001010010010000
1011010001001111011101110100100010000101100110010010100000010101
0100010110010110000111000000000000001000010000100000011100101001
0100000000001000100000101101010000000000001011011001100100000001
0110011001000111001000000000010011010000001000110000001100100000
0001000000001000000011111011100000000000010000000000000000000001
1101100000100011001000001011000000110011000000000100001011110001
0101000010101001000010000001010010000000000010100100100010100000
1110000001100010000000110010000110011101000101010010100000011100
0010001010000010110000000010000000011000001001100111000000000001
0011000011001000000100000001000100000000010000101000001000000101
1100011100010000110000101010000000001000111110010110011000010001
0010000000000000110000001000000101000010000001100100010101010001
0001100000000100010101000000100001000000010010011110000000101000
0110011000100000001100001000001100100000001000100000000100010000
0010000000000100000000101110100110000000000000100100010010000110
1010100111010100110010001100100011100000110000000100000000000001
0110110000100110100001001010100000110011111010000100010101100000
1100000000000100000010001000111100000010000010001000001000001010
0000110111000100100010100000000100111100010001000100000001010000
0111001001100100001011010110010100000100110000110010010010110010
0001101110010111100001000000101100000001010001000000001000101000
1110100000000000010001000000000000000100000000000110010000100001
0010000001010001100010000100100010010001100100110000100001011000
1011110000011100110000011100101000100000000000011010000000100000
0001000010001100000000010001011000000000000101101110001000000001
1010000011111000001010100100010000010000001010010011000001000000
0011110110000010100000010100000011111011000010000010101100100000
0000001101000010000000001101000110000011000000000000000100000110
0000101001000000000000100100101010001001010100100111001010000110
1010001101010000000100000000101001100100100100000000000101000100
1100000100010100010000000100000000100000001000100000111010100000
0001001100000001000010101001010100000110010100010010101010000011
0001100010010001000110011000001001000001100110001000010000001000
0000011101000000010000000000000001000100101110000011110001010010
0000100100001000110001000001101000000000101000001110000010111001
0100000000110010110011100000000000111001100110100000001101000000
0110110101101010001011001001000000000100000011000100111000110001
1000100000010000100011000000100011001001010110000000010001001001
0110001000000000000000001010000100000000100000101000110101011101
0001001001100011000000100001010011001100011000000100100000010000
0000100110110110000000000000101000000101000000010001100000000100
0001001000000000000001001110000110000010000011110100000000001000
0011100001010000100100100010101000000101001010110101001010000101
1010110000000000000010010101010000000000101101100001000101001110
0001000110000001000011000001001000000000001010100000000110001000
0101000110010010100000000010101110000100000110111110000000010000
1010010101000010111001100100000101100000000010000001001001100000
0011000000000100001100000000100111000000000010001000001010100100
0001001000000001110101101000001000001110101010000000100001000001
1100010111001010000001011010010000010000001010010001010101000001
0010110000100001001010000000100010000111001110000101010000101000
0000010000000010001100100100100010001000000000011000000000001110
0100000110000000001100000101100100000010001100000000000010010010
0010000001001110000000100110110101001110101000000011001100011110
1100001000000101100001000101001110000000000100000000010101000111
0101101001001000110000000010000010000101001100010010001100010000
1000110010000010000000100000100010001000000010001000000100001001
0010000000000110100000111001000000001000000110001010010010010011
1100000110111001000100011110000000001101110010000000001000101011
1100010000000001001001110100011001000101001100101000101000011000
1010000110101000001100000001000010010000010011000001001101010000
0000111000101000100010000000101000100000010011110000000100001001
0000101110100001101110111000000000000100000001010111000100000011
0011000100100010100000000101001001001100001000010001000101010100
1100000010000100000000111001000110011010000000110010001010000000
1100011000010000000100001000110000001000000000000000010000000101
0000001100000000100000001010011001110111001110100000100100100101
1010000000010001001100100000011011000000000000001011100100100001
0010000010110001011010001010110000110000010010001000100001001010
0000111000100001000000010010000010000010000000000100000011100000
0101000000000010100011000000110111001101011001000000000111101001
0001000010101000010000110001101001000001000000000010000011000110
1000010000010000100000011000010000100001000000011001001100110001
0100100010011000001000000011010110000001000001000000000001100000
0010000110001000110001110101000000100000000010010000001010000100
0000011010000100010001101000100000001000101000110000000000011000
0000100000000101000101001000000001000000010110001010100000001000
0011001000010011010000000001001010100101100001000000100010000000
0000011000000101101110000010010000100000011000000000001000000100
0111000100010001000100000100100000000000000001101000100010010001
0100000010001101111001000000110000110000000101010001001000100001
0000001001110000101001000000010010001001101100010100000010001110
0000000101100000000000001011100010100010000001011000110001110111
1000000001000000000001100010111111010010111100100101001000110010
0000000111100000000000000000000010000000100110010000010000011110
1000001010001000111000111001101001000001000001100011000000001000
0100001000111010010100000011001000110100101101000100100100001110
0001100000101000010100001100110110000011000110000010101000100000
1000000000000100010001000000000000010010000000000011001011010101
1100110001001010001000110000001011110010010000001000000111110010
0001001000010000001000000110000010111000100000101010010011000011
0101000010011110000011100110000000000001000000100101001110010100
0000100011000100100010010000001000000111000011010010011000000010
1100010000101111001000100000100110111000101000011001100000110000
1100000001001010000000000000000101100010110010000011100001010010
1100001001100001011000100001010001001010000000101011001001010011
0101000000101000100110000000000000000100000100000001000111000000
1010010100110000000010000000101110000100000100110000000000001001
0001110000100000000000001001000100010010000000110000000100010000
0000010000010000110100111000001001110000100011110010001100101000
0000011000000000000000100001011110100100101010100000000011001001
0010000010100000011000010001110000010000100110000000010100100000
0110000000011011010000000000101000001010010000001110100101010000
1000001000001110100000011000000000001000111001000100100100001110
0100000111001010000000010000000000000111000000010000001010011000
1110000000101010000010010100101010111000000101010110000100001010
0110101000001001000010000000001100001000110100000001100000010000
0111000010000110000101000010000111000110000001000100100010101100
0010000001100100100001001000101000001000011001000000001011000001
0001000110000001100000001100010100000000010110001001001010001010
0000000100000010110000111000011001010001111000000010100000000001
0110001000010100100010000001001100001110000000001000011100100001
0100001010010110110110100000001000001000010100000100001000010011
0010100100100000000000110000010011000000001000000001100011100001
0100000101100000111001010000100001000100001000100001000001101000
0010010110011001110100000110101100001000010101100010001100010101
1000100001000101010000000010010100010000010100011000101000010110
1000000001000010010100010000000000100001010011000000000000000100
0010000010010101100010000000000010000010000100111010000000110100
1010100000111010000000000010100100000000110011001000000010001010
1001000011000000110100100000001000000010101000101100000100000011
1110110011000100001010101100010000000000000000100010110100010000
0011001100001001000000000110000000011001111000000000001010010100
0010000010000010100010000001000110110010011000100011000000000010
1111110000000010001001000010110001110000101000001011101100101010
0000111011010000000001010000100010010100000110100010000011100000
1001000000100001000100100001000101010010100000110001100100100100
0000001001010100001000000000100000101010000010011110010100000001
0001000011110001111000101000001000111101000000001110011001000000
0010100100000100010011100100100000101010000000000010100111000000
0000010110110000010000010000000001000011000100000010000010001110
0100000111000000001000010000001000010010000111100000001110011100
0000001000010100110000100100000101100000001110100010001000010000
0101000110010000010110000101000001000000000010010100000010000001
0010000001010110110001110001101010000000000000010010100001000100
1001001111000000000100000100100100000101000010001000001111110010
1010100000011010100101100000010101000000000111000000010000000010
0001000000010000100110011111000101000000000011100110010000101010
1010000100101100001111000011000000101000101000101000000000001110
0000100000000110100010000001000000000000001110000100100000100101
1010001100010001100001000010111001010100000000000010010111110000
0010100011000001100000100000000000001010010001000000000010010100
0100000001011001000000001000000110000001000001000110010111010010
0011101000010010000000000110111100010101000001111010010000000111
0100100000000000001011000001000100000000101000111100000011011011
0011010100011000000000101001011001010000000100000001001000000010
1001000000000100000100010000010001011100000000000000111010000000
0000100000000000100100001000011010010000010010110001000010000100
0010011010101011001000101000111100010100100000011000110010000000
0101110000000000000110010100000100000010000101000011100010000110
0100100100010010010000100011100110000011100010000101000101110000
0001010000000000000100010001010110001100000010010000000000000101
0110100000110001000001000100100001001000101000101000000001000010
0110010010001000000010000010000000000000100010010010000001000000
1000010000110000000001010001000011100010101100000010000110101000
0000011100101010011000101000000010011100010000010001000011000000
0000000110010000010001111000100000001001001000100000000110100001
0010011000101010011000111100000000010001000010110001101000100000
0111100011000010000001001001010110000010110001101001100000000001
0010000010000000001000001100001000101100000100110001100010001001
0011000000110000100011100110000011000000000000101000100100010000
0010100010110000100010110000001000000000000010111100000101100001
0011000010000100100010100001011000001000011101011001010000111000
0100010100000100010000000000101001000001100001000000101101010010
1010110000000010010010000011010101001010100110001001101010000100
0110011011000010000000100101000100001010100101111100000001110100
0000010000010000000010100011100000000001001100111000000000100111
1011000100110011101010001100000001010100000010010001101000000010
0110000001100110000110000000000001110100001101000110000110100000
0110010110101110000000001101010010000001000011010110111100011010
0101000001000001110001010000000000010000000000100100001100000001
0000000100100001100010010001100110000000101010011110001100001000
1010100101000001000110010000000111000000010001100001110011000010
0010101000001100000111011000100010001111111000010000100101110000
0010010000010100010101000010011000010010001000101100000000100001
1110001110110000000001001100010110000101000000101011100011000111
0100110000000100101000010101010101000110001010000000011000101001
0110100000010100111000100000000100011011010001101001011000100001
0001110000100001001100010001010000011000101011001010011000001100
0001000000100000111000001010110000100101000110000001010111011010
1100101110001000100001011000000100001000000100100110001011000000
0000010000000111100011010001000000100011111000000100001001100000
1010000010000000000100000001101100101001010100111010000001000011
0000100001000010000101111000000000101000001000100001111101000101
0010000010000010001000010000000000000010000000110101001101000010
1000101101010000001010001000100001011000011111010000000111000000
1011101000101001100011100000000000000001010000000001001000001110
0011000011000100000001111010101101000000100000110001000010000100
0010111010000010011100011101001101110000000000101100100010001101
0001100101000000100100000000010000001111110010000000010000010100
1010011001000000110110000011110010101100000011100010000100111000
0001000000000000100001001100000000100001000010000011100010101001
0000110010110000011111001001001101001100010000010101010000000011
0000001000000001101000000000010001000111000101000110010000110101
1100001100000000000000010000100000100000011000100101101000001000
1000101011100011110001110011000001011000100000001000100000110011
1010100100010010000000100000000100101101010000000000100001001010
1010010010001000001001000101101000001110010101010100011010001000
0110000000000100000000000001000010000000100000010110011010110000
0010110010100010000010001110111000000000000000010000011000110100
0011000000011000000100001100000000111011000010010111000101011000
0001101000100001001100001000111001101001100010101010000000001000
0101001110000000010010010000000000110111000101100000100110000100
0001000000000000000000001000000010101001010101000000100011010000
1000000000000001000000011000000001001000000100010000000000000100
1001001010010000010101010010000000000111000011000000011000000001
0100010101000000001000001000001010010101000010000001000001000001
0000010110000000000010011001001010000101001000100000000100100001
0010010000000100000000010100001001000010100100011011010001000010
1000011000000000101000000100000000000101000000001000110101100000
1001101100001001001010001100010000000101110001001110101000000011
0110100001100000100100110110000111000111000001100111000100010100
0001100110001000100011010000000100010000000100101000100000100100
0110001111000000010001111000001000101010100111011000001001100010
0010001100000100100000111100001010010011100010000010100010001000
1001001000100010000000010111000100010000100010000001110010000010
0001011000000000010000000100011000001010100001100000111100000010
0000001000010000101100010100000011100110010000100000110000001100
1010001001101101010001010000010000100101000011000000101010111000
0010110001000000000100100000010111100010000100010010100000000001
0100100100010000010010011000100000000000000000110001000010000001
0111000000010100000010110110000000100010110000000100000010000100
1100101001001101000110101111100000010101010011110100101010000010
0000110000000100010010001100010000001100110100000000010100010100
0001001000000010011111010110000100001000000001001111000111000100
0010000110100010000000000001000000100000010000100001100000000100
0000001000011011000000000000000000001000000000010001000011000001
0011100100000100000001000000000000000000000000110000100010100010
0110010100001000100010010000101010101100010101000001101110011001
0000100000010000001010010000000100001100000011000001000010000001
0000110010101000010000101000000000100101000010000000000101101001
0010100000100000011000010000011000000001100000000000001110000100
1010010101001100110100101100000101011110110110011100000110000010
0100111010010010100011010110000101001110010010000001101010000110
0000011000010111000100000000010000000010100010110000001000001000
0101000100000011000001100100000000000111100000010010000010000011
0000110001100110101100000010000000110001000000001100001100110110
0001000000100000001000000001000000000100100100000000000000110011
1000011000000010100000000001000000110000001000000010000100010011
0001000010000001010000010010100000110000001000100100001000100010
0000001101000000000011101000000000101011000000000000001001000000
0010000000100000100000001110000011101000000110110100001010100000
0111011010011000101010000000000110001100001010000111000000000010
1001000001000100110101010000000100101001001000000000000101001000
1000000110000111011000100000000000101000000001010000000000001001
0010110000010010011001000100100000010100110001110101100011000010
1000101000101001001010000001001100010100110000101100000001000000
0011000000011100000001111100010101100001000010000100000001000100
0110001100010010000001001100001001000100110011010100101001000011
0000001001001000001010010001000000000100011000000001000010101000
0101001011111000010010001000001000010101100001011101001100000011
0001000000010001100000011001000100000010101000100010101000001000
0101000010000100001010011100001000010011101000101001001001010000
1011001101000110000010101000000001011110010110010000000011100011
0100001000000010010101010010000010000000000100000001101000000010
0010100001010100000000100111100000001111100010111000000000000110
0101100011001110000010010001010000110011101000011100100001100010
0010101000000001001000000110110010010010000001000001101000110111
1100000100101000010010000001000010001110110100001100001000110100
0010110100001011101100000000000010011001010010001010010001110101
0000010100010100000000001001011101000000000110000000000100101000
1001010000000000000110010000000010001111000111010110100100010010
1000000010001010110001101000011001110010100000010000100000010000
0010001000000000000000000000111000000100010001101100001100110010
0000000110000000001000100100100111010000010100110010110001010101
0001000000010010011111000011000000001001100010000100011000001010
0000110010011001001010001000001000011001011100000101000100100100
0000110110000101000001000110010111011100000100000110010010000110
0000100000011000010111100001000101000110110010000001000100000010
0100011100010010101010000000000101000000000000010000001100010101
0010110100010000110010000100000001101001100011000010000000010101
1001000001101010000001101110000000100110001001000100000000000101
0000011000111001001110000011000010110110100001110000010000100000
0001010100000100010100100000000000000001101100000101000101011000
0101011000000000001111001001100100100010111000100111010000000010
0000010000000010010000001001000100001000000000001010100101000001
0000100001110001101010000000000000101100000000000010101110000100
0000100000110001110100000000000101000110100110100100101101110010
0000101110000000000011000101110100010001000001000101100001010000
0101000011000001011100001000001101010001110001101000100011000011
1000001101010010001011010000000000001011001100010000100100010110
1111110010000011000010100001001100000000000000011000001010101010
0010001100000100000001101010100101010000000000001000000100010101
0110001001000010100000100000011000100100011101001100100000001011
0010000011010000101000000010111011001000010000010000101011000000
0000000100000110000000001000110010011000100100000010001100110001
1000000000000110011000100100110000000000000000110110010000001001
1001010101000010001011011110010011000010100011001000001100000100
0001000011001010000010101010100100001110000000000100010000100010
0000001001001000100000010000000010110000101111011110000010000001
0011010000010001001001001010111001101000001110001111000011000001
0110110000000000001110000000010110000001110100000000100001000010
1011001010010001001101100001000100011001100000001000110000100000
0000000101001100010100010000000011000000000010110101001010011000
0000100011001000000000100000001000000001000100100100000001101110
0100010101101000110000001000010111110110000000111000010000101010
0010100000010011110001000010000000100100000001001101010010000100
1001110010001000000000011000100010010010000000000100000100110100
0100100010010111000011000000000110001110010000110101100000001001
1000010000000000001001000101101101011000100000010001001001000100
0000110001100001001100000010001000000110000011100001011011000101
1010001001000011000000000100010110100000010101111011101100111100
0011011110000111010000000110101100101010110100000111101010010010
1001000000001100000000100000010100011000100000110000100100001001
1000000000000010010000100000000010000001000001001100000001000000
1001110010011001100011011010100001000110100100100110000000001100
0000000100011011100010100000100100001100001000011010000010101100
0010101100111110010000000001100000100000001010101101000111110010
0010110000000000101010001110000001100000110001100110010110111001
1100011000100000111101010100000100100001001010111110101100000110
1101100000010011000110001010000010001000010001010000000100100011
0000110011000001101010000011101010001101000001010010101010010000
0010001100000001010000111010101001011000000010100000100010100101
0000000101000000100010000001010000100100100001000010101100111010
1010101000100001100100100011000110100010000000001000000000110100
0010111000010000000000000001000000010001100001000100101010000110
0011100000101000111000000000000100010010001101100011110101101001
1101010001010100110010010100000110000000000001000001000000001010
1000100000010100010110100100000010010010110000000010010000000001
0100100011010000011000100101101000001100011001000000000101010010
0001000000000010001000000001000110000100101001001000100010000000
1010010000000000001000000100001001010001010000110000011001001000
0010000001000000010000100000000100000001101100000000101001000000
0100000000000000110001101000010000111010110100101111011011010011
1000100000100111000100110000001000000000101001000111000000001000
1100101000010010001100010000001001100001011100000111010101001100
1000000111000000000000010000000000000100101000011110000000100100
0001000100100101010001010010010000111011000010010001100011000100
0000000100111000000010000000001000000100110110000000110011001100
1000001010010111001011000100010111000000011000000110101000000101
0001001000010001000000001001010000101000001010111011000111000001
0100000011010010011000100001010010010011001000001001000000001000
0100001001001010100100011000001000100000100000000101110000100001
0011011110010000000100100011001010001001011100101000010011001100
