1010000001000001
1101001000101000
0010011001011001
0010001010111100
0110100101101100
1000000000101001
1110000101100100
1111000010110100
1100000000000001
0111100000000001
1000100101001001
0101000000001000
1100010001110010
0111000100111010
0100110100000101
0001111000001000
1000001000000011
0100000100001010
0010001100111110
0001100000110100
1001010000010011
1001001110000101
0001000011101010
0001010010100100
1011110101100100
0010100000000001
0110110000010110
1000000100101011
0011000100011111
1010001000011010
0001100011010101
1110100110111110
1011011100010100
1100000000010100
0100100110000010
0010000100101101
1100001000011010
0010110101100100
0001110011100001
0001011110001001
1111101000000001
0011010001001101
1010010010010010
0001010001111000
0111101000011000
0001000010000100
0100000101011000
0010000100101011
1001000000001110
1100010100101000
0101100111001011
0100100100010010
0100101100100101
0001010110000001
1010001000001101
1011010000001101
1000011101001100
0100000000001011
0010101000001101
1100100010000111
1010001100011000
0001100100001000
0010100100010110
1010100001011000
0100101101100010
1110000010000001
0011100001000111
0100010000011010
1010000100100010
1000000100101111
0001000110100101
0101011001101000
1001101001010101
0001000110010110
1110100011111000
0001101000100001
0001010011000010
0110111100000001
0010001110000011
1010111001011000
1010000011010001
0001001000011000
0010100000100001
1000000100001011
1000101110000101
1000000010011000
0010001011000011
0001111000010110
0010100111011000
0010000001011111
1000001011000001
1011010100100110
1010000001001001
1000000100101100
0111101001001010
0100100000010001
0010100100110001
0001000010110101
1000000000000101
0101011110000100
1100101100000010
1010000110000110
0001101000000100
1010100000000101
1010010101011101
1000001000010010
1100000101101100
0101010110011110
0100000000011000
1000001001111000
0101100101000001
0100000000001001
1000000000111100
0001100101000101
0111110000110001
1110000100100010
0100110000010001
1010101010000001
0100001010111011
0010100001000001
1110000010001001
0010100010010101
0101011100001101
1100001100100100
1000001010011001
0011110000001100
0101101100001010
0101100101111010
0001100110001010
1001100100010101
0111110001010001
1001100000000001
0001000010100001
1101000000000011
0001000000011101
1011010011001000
0001100001011100
0101110000001000
1000000000001001
1101000001100100
0110110100000100
1000110100111000
0010100100001001
0110000011100001
0001001101001000
1101010010000010
0101000111100111
1000110010001011
1101100100001100
0001111111010010
0100000100101001
0001000010001011
1100110001010101
0001100001100101
0010100100111100
0001110000000010
1000010001100011
1000011110100011
1111001110101000
1100010101001100
1101010111100100
1101001000010111
0110100000000101
0011100000101001
0110001100101000
0010100000001001
0100011001001001
0101110001000001
0010101010111000
1010001100101000
0011110000000111
0010000100011000
0100111000101001
1100000100000001
1010010100000010
1100000010110110
1010100010000001
0010011000101001
1111100110010111
0100000001001001
1010010100100101
1001000011110111
0101001010100100
0101001000001001
0100101110110100
1000000110101010
0001110100001010
1010000000000011
0001001010000110
1100000101001010
0010111010010001
1000000000010010
1001100100101100
0010111011100001
0011000001001010
0100000110000001
1101111000000010
0001110100000001
0001001011011010
0011100100110001
0101000000001010
1111011100001010
0001101100001011
0110100100001001
0101110110000010
0001000001001011
0001000011000110
1000011111000100
0100100000000111
0001001010000001
0100000100001001
1100000001010010
1000111000010001
1010010000101001
0100001101001000
0010001110000100
0010001100011100
0100100000001011
1101001101000010
0001000111100011
0001000001001000
0110110110001110
0101000110100010
1101010010110011
0100100000110110
0011101110001010
1001111010110110
0100001111001100
0010010011000001
0001000011000010
1011000111001010
0100000000011101
0001110010010100
0010100000101001
1000010010111001
1011100101000100
0100010101101000
1000000000010001
0100111000010110
0011110000000010
0011100100000101
1100000100010100
0001000011011000
1010010101101000
1000000010110010
0111010000011000
0010110100010100
0010010000011001
0110010101101010
0001101000001001
1101100001101010
0001000011010010
1000000100010100
0010110000100001
0001010001001000
1001011010000110
1001010011011000
1001010000011000
1001010110011001
1011000000000101
1000000100000110
1001001100000100
0110100111101010
0010010001011000
0010011011101011
0011000010011001
0101100000011000
1111001011101001
0001000000101001
0010001000011100
1000000100001010
0010010010101001
1100110011000001
1010110000011000
0001010000011001
0001111001110100
1001001010000100
0110010010110100
1100000111000100
1101010101000001
1001100000000100
1101010100101010
1000000010010001
1010101000010011
0101001110000110
0001100000000010
0101010001001100
1000101000010001
1100011100000100
0111001110000001
0001000010010010
0100100010101111
1001001010001000
0101111011100100
0100100000010100
1000000101010100
1001000001100010
1001001101110011
1001011001100110
1101010100000001
1000000000000011
1110010101010111
0011110100000110
1111011000000011
1000000000000001
0010111010001001
0110000000011000
1110001110000110
1101000000001011
1011000000010100
1100100001111110
0010010000001001
1010000100001000
0101000011000001
1000101011100111
1101000000001000
0010010100101010
0010100000001011
1001111000100111
0001000110000010
1100011101001000
0001001010001010
0001001010010101
1111110101000101
0001001000001011
1000001100010010
1000001101101110
0001000100111000
0101100010110001
1000100010110010
1101111010100100
1010010100011000
0100100010000011
0001101100000011
0011100101000001
0011101011000011
0100100000111000
1101010000100101
1100000110010001
1011011000010010
0010001010110100
1100011000110100
0001000001001110
0010000000011110
1000000100010001
0100000010010101
0111100111000110
1101000001000100
1001100000100010
1011000101001001
0111010110101101
1001010010000100
0100100001010101
0100000101101100
0010010110010010
1001000001101100
1000101000010111
0101101000000001
0110000011010010
0001010000011011
1010001010001011
0111000011001000
1001000100000010
1100101011001001
0100011110111101
0100001011010010
0001010010000010
0001000101001111
1100001001100001
0011101000010100
1101001000100101
1101000100110010
1100100010000001
0001100001000001
0100111001000011
0001010000001000
0100001110000010
0101110010110110
1001100100001100
0110000100101001
0010000010111000
1001000001000100
0010111000011101
0010111001100111
1000101110010100
1100000110000100
1001001100000101
1100001000010100
0111000011110011
0101001010000100
1001000000111001
1100000000100001
1000000100010111
0110010010110001
1000110000001001
0111000000001001
1001000000101000
0101000010001010
0011100110010010
0001110001010110
1110001100000100
1011001110001000
1101010011100001
1100001111100001
0101000010010101
0101101101000100
1101010000101100
0001000110000100
0101000011001000
1010001100000011
0010001111100010
1000001100000001
0100110100001010
1001010010011000
0111000000001000
0011100100000010
1110001000100001
0011101000100011
1001001000001010
0001000011010110
1010001000000011
1000100010000101
1010000000011101
1000010000100001
0001100110001111
1110100001010010
1001001100100010
1100110000001001
0001010010010001
0100000111000001
0001101100000001
0101100010110010
1011110011010011
0100101110100001
1000001000001001
1000101000100111
0010100000110001
0100100000011000
1010000010100111
0010000011100001
0001011010001001
1101010000111100
0001110010011000
1001010010000001
0100000100101000
0011100000000100
1000100000100001
0100010110001000
1011110011101100
1010000000010010
0001100010000100
0100001000101101
1111000100000100
0110100001010010
0100110000010111
0101001010100010
0100010011011000
0110111000011000
0100000010000001
0001011010011011
0100001100001110
0010101001110100
0010100100001110
1110001101000100
0101000010000100
0001000111000100
0001101100100010
1001000010111000
1100010010001011
1100100010010110
1000010000000001
0010100000011000
0011001000001101
1010010101101010
1010000001000011
1001000110001000
1100001100001001
0110110111111010
0010000101101001
0001000010000001
1001000000001010
0011010000001000
0001000100111110
1010000000100001
0100100010110100
1011100001000001
0011110000001010
0101100000000100
0001000000001100
1100101111100100
0100010000001001
1000000100100010
0010000010001011
1110001101000110
0011000011000100
0010000100001000
0111011110101010
1000000101100101
1010000001101101
0001100100000010
1111101010010010
1001000000001100
0100100010100101
1101000101101001
1001000000001000
0001110001000010
0111000001001111
1100010001010111
0111000100101010
0110000001001011
1110010001010010
1101000010110101
1010111100001011
0001101110001100
1000100000111000
1000001010010011
1010001100000010
1010100101101000
0001000000001000
0001000101001000
0100011010011001
1010001000000001
1001100001010001
0101001000101000
0001000010011000
1000010101001110
0100000000111000
1001100000000010
1000000001000001
0001110000000110
1001000000000011
0001001111010001
1000100110101100
1001000010010100
0010000111101010
1000010000010100
1101010010110010
0001100110101101
1010000101010010
0100000000101001
0111010110001011
0011111001101000
0110000111000010
1010000110010111
1001010000000100
0101010110001100
1001100000001000
0100110010110011
0100000100001000
0101110001000011
0001010000011100
0110100000100101
1001100001100010
0001010010101001
0011000000001000
0101100000001011
0011101010001100
0111110010010001
1011100001110010
0001100001000111
0011001000101100
1010000101100001
1000000011011110
0010111000011100
1000011101100010
0001000001101110
0001010011010011
0001000110000110
0001110000011010
0011100100100100
1000100011001111
0001100000010010
0001000100101010
1001000000011110
0001010010111001
0010000100001011
1110001000000101
0001000010001010
1111000000100011
0100000100101100
0001010100001111
1101001000100001
1000001000100011
1101100011001011
1000111010001011
0101000000101000
1000010100000010
0100000000011110
1000000110010100
1010000010110101
0110100100001010
0010011100001000
0001000100011000
1010100100110010
0111100011001001
1101010001100100
0001110001110001
1010000100111000
0111001001011000
1001010100101001
1001100001000100
0010010111100110
0111100000001110
1000110001110100
0001100100001100
1101000010101110
0111000000011100
1001001000000111
0111011001001110
1101000101110010
0010010010110100
0110001110000011
0001000101011100
0011111011101010
0010001110011100
1000000001001001
0110100001110001
1010100100000111
0101101100001000
1100000000000111
1101010100000010
0010001001001001
1101010000101011
1100000001111000
0001001000101100
1000000001000011
0001111010000100
1100010010010011
0001011100001100
0100000000011010
1001000001001000
0111010011010010
1100001000000101
0001100011100100
1001000111011000
1111000010001000
0001110100000010
0110100000101001
1001111000100100
1010000010010010
0100000010110110
0010011110000001
1010000000111011
1001001000100110
0101010010010101
1000001111101000
0010100001110110
0010101000000001
0110101111000100
0001110000111100
0100010100001000
0101100111010110
1001000100100010
0010010000011000
1011000110011011
0110001100011001
1111000100100011
0110001000011101
1110100000000011
1000000101000001
0100010111100011
1001010000001000
0100010101111110
1100101100001000
0011111010010010
1111010010000001
1000000011100001
1000010100000100
1011000011010001
0101011010000110
0001000010100100
0001100000100110
1000000001010001
1111001011011111
0010100101101001
1111000000011010
1000000010000001
1001000101101100
0001010011011000
0011100000000010
0011001000001000
1000000010011010
0101100001101000
1101001000000101
0011000000011000
0011000000111100
0001010000001001
0010000001011100
0111010010001001
0110010110000101
0011010001001010
1001001011100100
1100100101000010
1000001010101101
0010100000111101
1001010100001101
1101110000001100
1010000100010010
0001101000001100
0001010011110011
0010010000101111
1100010110001001
1001101000110010
0011001010001000
1010001100101010
1010000000011001
1010001100001110
1110000000011100
0101000010000001
0111100010000011
1100001101000010
0110100011011001
0010101100100010
0101000010011011
1010000000110011
0111000100001011
0011000111011010
1001010101101000
1011100100001100
1101000100101001
0011101000110110
0111001011001101
0011100000010100
0100011100101001
1000000000010011
1110000001010010
1000011010000101
1000000111001010
1001011011000100
0001101000101100
1011101111100001
1011001100001110
0011001011001000
0011100001011000
0101000111000011
1000001001010011
1101000000000010
1000000110101000
0001000010010101
0101111001000100
0001000010001000
1010100110101000
0101000000001101
1101001100000010
0110100001111000
1000110010000001
0100101000001011
0110000110001001
1111000001000001
1100000001000101
1101000001101010
0100111001000001
1100000110011000
0010110010100001
0100001010000011
0001001000111000
0110100000111101
1001000110001100
1101001100010100
0100100001010010
0101110000100010
1000011001111000
1010001000010101
0011000000011010
0010000110000010
1000100000010110
0100101001100001
1101000001100101
1100010101110100
0011001001101000
1011110001100001
1001001000001000
0001100001111000
0001000000101100
0101110100110100
1001001100110010
0001101001010011
0011000101001110
0010001110000101
0011111000000100
1000100011000011
0100111101010001
0011010111000100
0001010010101011
1001010011000011
0010000101011000
1100001101100100
0101100101001000
1001001000100100
0001100100110001
0100100010000001
0101011001001010
0110000110000111
1001000110000010
1000000001110001
0101010010001110
0100100001101001
1010001100001000
0100001100101001
1010010100000001
0010000110000111
1000110100000001
1010100000111010
1000001000000001
0011100000010001
0001000000001101
0010101001110010
1100000101001111
0001001110101000
1101101100101000
0011110000001000
1010010010011000
1100000000110100
0001100001010001
0001000111101100
1001000101100001
1000001000010100
0110010111110001
1000010001001111
0011101001100110
0001111011000001
1000000011111001
0011000100001000
0101000101001011
1010001111000010
0011001110110001
0101100000011100
0110000110110001
1110000100000010
1000010010010010
1000011010000001
0001000000101000
0011101110010100
0011101110010010
0100111010010010
0001101000110101
1000001100110101
0011111110110110
0100000100011010
1000010110000001
1010100000011000
0001001000101000
0001001110010001
0001101010001010
0011000001001001
0111001110101110
0010101100000101
0110000010000001
1110010100110011
1000001110000001
1000000100001000
1101011100001000
1001010011001101
1000001000010001
1000100100000111
1000000100111010
1011100000000100
1001001100000010
0100000010000111
1001010011000001
1000000000010100
1001010001000110
0101000100001001
0010010100001101
0010010000111010
1000101000010010
0101001010010100
0011001100001100
1001011001100010
0101010010101010
1101000010000100
0010000110101100
1000000100000001
0011101000010101
1001000001010001
0001010010001010
1100101100100101
1011000000100100
1010001110010010
1010110001110110
1010001100100100
1000000100100011
0001100001010100
1011000100011011
1000100010001001
1000011010010001
1001000000001001
0100000101001000
1001000000000010
0001010001001111
0111100111101011
0001100001001111
0011010010001010
0010100000000111
1101001011010010
1100001010010010
1000100110100100
1011100011000001
0010000111001001
1101000110001000
0101010000001001
1100000110000011
1101001100010110
0010100100100010
1010000001011001
0110010000001111
0110100101100001
1100001001100011
0011101010001000
0010000110011000
0001001000001001
1101011000000100
1000100100011000
1101001100000100
0001111000010010
0001100000000001
1110001100100100
1100000000001011
0001000000011000
0100000011000011
0100011011011101
0001100010100100
0110000110001100
1011000110001000
1000000101100100
0110110100001000
0110000011011000
0001011010001111
0001101010100100
1001000100001001
1000000100000100
0100100011000101
1001101010010110
1000000110110010
1100011100001101
1001100010000010
1000001100100101
1111110100001010
0001000000111000
0100100100010100
0101011110010010
1001001011000100
1101010100010010
1101010110111011
0001110001000110
0001010011100001
0011100100010010
0011100101011010
1000100001100011
1100101011110001
0010100101000010
1000000100000111
0010011100011000
1000100010000011
1111011000001010
1010010110100100
1111100001110110
1010011001011000
1001011100100100
1000100010000001
0100000000011001
0001010010000001
0011010000111100
0010100010001011
0100100100100010
1001010001110100
0001000011101000
0011101101100101
1001001000110100
0100100000000001
1000000000010110
0110001000101001
1001011000000010
0011100011110011
0001100010100111
0001000101001011
0010001100011010
0100010001001001
1100000000010001
1000000100000010
1100000111100100
0111000100001001
0001001000001000
1000001110001000
1000111100100010
1111010000111010
1100000100001100
1000010001101011
1010100010111111
0010010100001000
1110100000010100
0001001100011101
1100100000000011
1011000100001010
0001101001101011
0011100010000101
1001100000101100
0101010011000001
0010000000011000
0100001100111001
