001101110010010100101100001000000010
000101000000000101100001000000011101
100110001100000011000000010100100000
100110010110000000000001100001010010
001010000011110000000010100000010010
101101010000010000000100010000000001
001001001011101000100011110001111010
010010100100100000000011000000000011
100010100001000100101010101001000001
110011010000100010000001010100000001
001001010010000010101000101000000010
010000011000100001000000000010101000
010000100100001001110000000010010100
001110000010001011000000100000010111
011000000001001010000110100100000111
000001000100000010000010010100101000
100100000101001000100000101000000101
100010000000000001001000011001010010
101001001001100000000100101000000001
000010110110110000010001110100101100
011101000100000011000000100011100000
110100100010010001000001000000100001
000111000101111000000001000000111000
010010011001000010010000000000100010
001001100010100001000001100010000001
001000000100110000110001010000000110
000011010100010000111000000000000011
100001000100111100010101101010001001
000010000000000000011100111001001111
000001011001000000111001010000011000
000101000001010011010010000001101000
010010000110001101000000000100110101
010000000000010110000000000010100001
010100001000010001101101000010000010
000001101000100111000011011000001101
000111100111100010000000110000111000
000001100010010001001001000110010010
100001000001101111001001000000101100
111001000010100000110010110101100000
110000001111000101001001000101011001
010010110001010000100000000010000001
000011011100000000100001100001001001
000100000010001100100101011001110000
000010000001101000101110101010001000
110001000000001000101000101000001000
100100000100010000011000000101100101
010010100000000000000001101100110010
100001011000000001001110001110111101
010010011001000000000010101000010001
000001111010000101000000011100010001
110000101010010000010100010001010001
001100111001011000011100000000100000
000001010111100010001100100101000010
010000000100111000010000001010100101
100001011000001011010001000100000010
110001000100001001010110001100010110
101000000011010000000000010101010011
101001100000101110100000011011010010
000101100000010111001000100001000101
011001000000100000011100000010001101
001000010001100001010000000000000010
001110100011101011000000010000100000
000010000010010010000001100101001000
000011001000010000011000110000100010
100000001100010111010100010100000010
010000010010001100000000100010000001
000011001001101011000000000001010000
001110000000101011001010010101101011
100000000110110111010010000000111010
011000001001100010100011011000101110
110000111001000000100010100010001010
000111010011001100101001111001100000
010001000110001001011011100010001000
001110010110000010000000110111000011
101001100001000100001110011110011001
011001001011100000011001100010110010
000001100110000010001010111111110111
010010001100100010000000100000100011
100100000000000011000111000100001000
001100101001000000000100110001100000
101000100100010000001001000000100000
000110010110100110000000010001001110
100010101000100001101010001100000001
100000101000000000001010000001010001
010101011000011000011001001000100010
110010011001000000000000110100010000
000010000011011110000010000001100000
000100000001011011100000010111100000
001000000101000000010000010000100100
000100000110000001001100001000110100
000010000000101010000010000001110000
001000000000100011001000001110001110
001010100001000000000000110000101001
011011110000010010110010100100100100
100001010000001000000010100001010000
100100010001000000101110011010010011
000010011000010111001000101110000101
110110101000000010111000000000000011
100000000100100010110101100000110000
001001110110000110000010000100000100
100001010000000001111100100000010100
110011100010100100000010101000000001
100000000010000110000001001100100100
001000000101000000100000001001000100
110010101010010000001000000001100110
010100100001000000101000001001000111
001100000000110101100010000100000100
000001000100100100010010110010101000
001110000000101001100010000100101000
100001010001000000100001101111100011
001000000100100100101100001001010100
011010000100000010100101001110111000
100100000001101000100110000110000100
100110010100100000000111001111111100
010010100000110000100100110001010001
001000110000001000000110100010010101
010000001011100000000110001010001001
000010000100001001101110001101101010
000010000100001000000001101001011010
000010101101001010001101000001000010
110000000000100001010100111000000011
000001001000011011000101101010101010
010000001100000001100010000000000100
010000001000100010001011000001001100
000011000110100000010011100110101000
101000010010101111010000001001110011
100101100100010100010010011000100000
100001001000101111001001001010000110
011110010000001010100100000011110001
001110000011000000110100100000000001
001001000000010110000000010010110101
000001000110110110010000010001000100
001110001000100000001001111010011000
001101000100000001100000001000011000
100010100000001100010000000000001011
010000100000100100000011001000011000
100001011001000000001000000011010000
001000000010000100100001001011000111
010100100111110001100000000100011001
000001110000010010001000010000010110
000111100000001000010100101001110001
001100111000000000001110000001010100
011011101000011010101000001101010110
000101010000000000011101100101000100
000010101000100100010101001101010001
000010000100000101010000100001100010
001000110000000000001010110001100001
001001001001101100000000001101001011
010000000000110100000010000111001000
000011000011100110100101000000110001
011000100000111011000001111000000010
011000111100000000010001001000000110
001000000000100000111001010000100001
110101000100000100000010010001010100
110011000001100000100001010111100000
001011000000101000100000101000000001
101101100000001000001000000010010010
101000000000000001100101100001110000
001100000100101010100000001001000010
000101111000100000000000000010100110
001010000100011110110001100101000001
000101000100000001000001001011110010
110010000001000000000010010100100000
001010110001000010001101101001001000
010010001010000010111001000001000001
011010001101001101000001110101000011
001011010000101100000010000001010100
101000000110000010000100001011110101
000001011000100000001010010001001100
110110110000000001110000000000110000
001000000011010001000010100001000100
001001010000100001000000100000110010
101110000000000100100001000100000110
101100010000000000000001001011010100
000011101010100011100000010011100000
011100000100000000010000001000101001
010010100000000000101001000101000010
110100110010100100000101011011100000
011000010101100010000010000000000001
100101100000100001111110001000100100
100000001110000000001111010000000010
000010000100000000101001010100100010
000100100000000010100000000001000001
000001110000101001110000000100010100
010100001001000111101011100001100111
000001000010000001000010000000101000
010001100000110000101000001001010100
000101100011110100011001001010001001
100000000000001110011100100010010011
010100100100011110001010001001000100
010100001000000000000010000011110100
011111100111001001101100110010010000
110100100001010001000001100100010000
001010101000000001101000110000100000
011010011011000000100000111101010100
001001000101000110010000000100100110
000001011011010010001010011101100000
011000001100001101000100001001110101
000011100000000100101000000001010011
100100000000011010000000000001101100
000010000101000011110000010010010010
101010101110100000001110000100000001
000100000100110011100010110011110000
000001000000100101010011100001110000
110010000001011101000011000000010001
001011101010000101000000000000001000
100011110011000000000010010000110001
011100000000100000000000100000110101
100100110001100100011010001010111001
000010011001000100101010010100010100
001010100000001001001000110001101101
000001110100100001000000000100000001
000111000100100000000000000001100011
100010110010100100000000110100011011
000010000100000000011001010000100100
100000000000100100010000000011010100
001001010111001000000100110010000010
000011110000100000000000000100001101
011000000010110001000001001101000001
001000001000011011011000101000000100
000100001001000000000010101110010010
110000010000001000000001100001001101
101000011000000000001111000010110001
000011000010001010100101011000010111
000010010000000000100011000100001000
001000000010001001100000001000000001
010000010000000010000100011000101001
010000000010000001100010010001100000
100000010010100100000001011100101000
011010110011000010100000000000000100
110001001101000011110000100000001001
000100000110000000000101110011110000
001000101000010011000110010101000010
000001110111001010000001111010100010
111000011001001000011001100010100011
001001110000110001100000000000000010
001010101110000011111000000000101010
001000100011101001100001100000100100
000100100000100101001000001001000001
101000100010110111100001100101000100
011101000011110001100011000001000100
011000000010001000011101000001100010
011000001001100001010100000010011010
010000100010101100110000010100011001
000011100011010001001000000000101001
001000000000110001100110000010000100
011100000111000000000101100001000011
100000100101000100010100000000110000
111100101111000010010110001001011000
110001000101000010000010011010010000
001100010110000100100001000100001111
110001000100010000001010000110001101
010100001000110001010000000011010001
100000110000010100011100010001100111
111000011000001000000011000000110000
000010001100000000000101100001010010
100110000000110001001000100110100001
101000000100011000100001100010000110
011000000000011000111100010000010111
001000010000000000100001110100101010
001000010000000000000010000100100101
101100101010011001100111010000001010
110010000100000010001000101000001011
110110010100011001000101011011010001
001000001100010010111101010000110001
110101000010101001001000001100010000
100011100000101011010000000110010000
111111000000000010100100000001101101
001110000000011000000111101000100000
100000111001101000000010010010100000
000101101010000000100001100011100000
100100000010100011000111000011110010
001010110100000000010010001001000100
001010010010011000110100010001010000
000001111001000001000010011010000100
000001011010000000100101111001010001
000001000000100011010000010000001000
101001000100111000000001010000100000
101100100000000000000110000000000001
011001100111010110001100100000111010
000001110001000010000001001101010001
110111101100000000010100100101100101
100100110101001000000000010010100001
000010000001100000000011110001100000
101000001001001000100000001100100100
001000000100010001100010000011000100
101001110101000000100011000011001000
000010000001110001000100100011110000
100001000100101011000011000010000010
100001000010000000100000010010000101
100000000100000000001001100010100000
000001100010001110000000001000000010
000001001000100001001101001100011111
000101010100001001101101101100000001
000011000010000010011011000011110010
010001101000010110000001001010010110
000010000001000001000100100100001101
110011000000101001000001000110011010
101100011000110010100001001011011010
101000000011010000100010100101010100
101000000000000000101000000000010001
000010001001000100110001101000110011
100001100000001010100000000100010000
010100000000110000000000000101000110
001011001011100001001010001100000100
101101010000000010010000001101001101
011000000110000000000111110011001000
100000000011000000010101011100110000
001100110001100010010000000001110000
100001010010001001001010101010001000
000100000000101001101100100100000100
010100010010001101111000000000001001
000001110000101001000101100000100000
100100001000000001000111010010000100
010110000001100000000000000100001110
000001001010100000100000010101111011
000010000000000100101001001000011100
101000001111100001010000000011000101
001000011000101010010001100100010000
100001100001101000000000000000100000
010001100100010000011110100000001010
100001100010001111010100000000000010
001111011000011000000100100010100010
000010101001100010010001000010010000
100101000000011110000100100101101000
010100001000001001100000000100100000
000100000011100110111100000000100001
000111001000000100100000010000100001
001010000000100000010001100100001101
001000010000101110000000001000001111
000011000000110000000101100100000101
000100101000000010000111000001100111
100000010011111010101010010001110000
010001100000011000001110000010000101
010110100000100000000101000100000011
001110010000001011000010000001111000
010101000001001110001010100010000001
100000000011011000000000100100001001
000101101000110010100000110011010000
011000111000100100000001000110000010
000111000001100001000100100010110001
100010000100010000000110001001000010
000001100100000010000000111110000100
011000101000010000000001001010101000
010010011110110110000001000001010000
010011001100000110000111100000010000
101111010000010101000000000110110110
010110000100001100000101110011001100
000100000010110101010100100101100010
110100100001101000010010001100000001
011100100000001000111011011001010001
001100000000011000001000100001100000
000010000001000110000000100000100100
010000101010000001100010010100010010
011001000010010000111111100011000111
100001111011000010010000000000100000
001001100010000100110110100101100001
000001010000011100000000100100001000
011000000101110000000101000111101000
101010101011100101101011010100100001
000011001101000101001001000000100001
001100111110001001000000101000010011
110110000001001010000100010000100000
100000001000010101000010100100000001
011000000111010001000000000110101001
011011000001100110000100011010001010
100010001000010000011000100010000011
110010001011100000000100000001100000
000110011001110111001000100100110000
001101110100011101100000010000000001
011100010000100100001000101000100011
110101000100000111100011000001001000
000001000001001000000010101000010000
000010011010000001110010001001010101
100010000001101000101001110000000110
101100100000001000001100111001010110
001001000001001101100000001111001101
101110000000000100000000100111100000
010000000101001001110000001000000001
001110000100001100001010110001000100
000001100001011110100110110101000011
101010011000001000010101001000101000
110001000101100100011001010000010000
000001110010000000100000000100011000
001000101000001001000001000000110010
100000000010111001000000010101010010
110110000010100010010011001001001001
000110101001000000010001110011000111
100001000100011000000000100110010100
000100000000101000100001000000000100
110010000010110111010100011000100010
001010010010010111000000000000110110
100010010000100101010001000100011100
110000100000001010100010110001010011
001001001000001000010011000011101000
100000000000010010000000000001010000
000100010001101000100101000110100011
111100111010001000100010000000001001
000011100000100100000011010100000100
000100110010010100110001101010010001
011001101100100111100000000010011010
011100111000010001110001110000100010
101001011100010100000011000101111000
000010001000000010000001101011100010
001010100000111001101010001101100000
100000000000000001000101101000110000
101000100000010101010001101000000011
100101100000000001001000000100100000
000001000100100000011100000100000100
011000000000100110000100110000011001
101000000000110000000101001000100000
111000110101101110000000100000000100
100001000100010011000000000000111110
000110001001110100000001000001111100
100101100000101110000100000000000010
000001101011000000010110001000001001
010000001001000000101000000000100000
100001010000000000000000110011000001
001001100000000100011101010011001000
010010000100011000000010011001100100
100001100001101000100010001110111000
001001000000010000101000110001001100
101110000001000001001100110000001100
000100101010000000100101000100001001
010101001101101110000100101001111001
001010010101000010100001100101100010
010000100100010111001101010010000111
001001000110110100010000001100111000
000010000000100000001100010001001000
100000100100000110100011010011100100
000110101001000111100000100001101010
100000100000011001000110000000100000
010110110111100010000000011000001000
001100011001000000001000101101010100
000001101001100110010010001000100110
010000100000100000010000000000010001
001100001000010001001000000010100110
111000000101001000010001110101101100
001001100010010000100110100001011000
000100000000110111101101000000010101
011100010100100110101001100001011110
100101000000100000000010001000010000
001011110100000101000000010000001000
110000000000000110010001000000010000
110000001001000000010100010000110000
001000011000010100110010100011100100
101010001110000010000001101101110100
001100110011100001000000100010100000
000110000110100001010010110000000101
000101010000010011110000100000010001
001000101100110011000100101101111110
100000000000001111100000010100101100
010101110011000001110010101100100000
010010000011000100011000000001110010
000010000000000100010110000010100001
011000101010000000000001011000000011
111001000000001001001011000101100100
010011110100000100000000000000011111
111100010000000010110000000101010000
000001000000000011101010010001000101
000100000100010000100000011101010100
110000000001000101101000010100001100
011011100111100000111000010000001100
100000100000100000010001001101100011
100110011001100000110000001010011001
000101000010100011010000000000001001
101010001100110001010111000000100000
000101000000111011010000000000010000
100000001010101000010001011000000010
001100011000100100000000011010000011
100001000000000110000111000110110001
100000100010010100000000000000001101
001000000000001100101100100001100010
100110000010001110010000000011100001
001000001000101000000110110000010101
010000000101100100110100000010100000
001010000000100100011001010000100011
000001010000000100001011000000110011
100100001101000000110100100000011011
010001010011000000000000100101000110
001010100101110010110110000000100111
100000010100001011000000001000000001
001001001001000100000000000110101001
000101100000000100100000100010100101
000111010011100000001001111000010010
100010000001000010010011100010101101
101000100000000000100001000000011000
000010000110011111010000100000001100
100010110100110010000110000001100010
000100001010100000000010101001100001
000100100001000010100100100001000100
000100100111100000000000010000010000
100000000011000011100000110011001000
001001100000000000011000010010000100
100000000011110011000001100010000100
010011100101111110000001000110001000
000001010000111000000110001111010000
000100001000100001001011000101011100
101001001010111000100100010001010010
010000100000100011001110010001101011
010110101000000110000001001001001010
001010000001000010000101111001001001
000100000010000100100000000100000001
110010011000000100010000000001010011
001011000000000101100100111010100011
101011000100000010010010110000001001
010011000000000001000010001001110000
000100000000000000100000010011100100
000010100101100110010001000010000001
110100001001010101000000000110000100
100100001100010101101100010001000010
100010110010000001001000000001110000
100001011011011000000010000000000010
001000101010001010000010110011001000
111100000100110001101000010011000001
000101000010000011100000010001101001
000001010010000010100000010100000001
111000010100011110000100000000001001
010000010000110100000000000101100000
010001000000011000011000100000101000
110111100011010100100000000000000010
101000000000000110100000000000000111
001100010001101001010000000111000100
000010000100000000100101100000011001
100100010001011000000001111111010001
100010001111001100100110111000010001
001000010011100011000000000110011111
100010011100000000000011100101100000
001100010011010001000110010001100000
000011000101010000110010100000110000
100010000000001100010000000000001101
100010111000011000000000100101100010
111000000111000010001001000100000100
010100110110001110100000000000000001
000100000000101010000111100100101111
000101001010100100001001000001011000
001010000000110010000000000001110100
010010001011000100000110000000101001
100000101001000000000100000100000101
010100101100111001000000000000010000
001011000010001001011111110000001010
010001110000100100010100000011000100
100100000000000000000010010100011101
111000001000100000110011000000001001
100110100000100100101000000110000001
000001010000100000100011010100001001
100011001111000010010001000100100010
001100000100110010010011010110001000
001000000010010000110101000110100000
000101100000000011001111010011100010
011001000101110000100010110100010000
010010000011011010000000100010010000
000001000000001001000000010100100001
010001101001000000100000101111111000
010101100001110000110000101110110001
101000101000000100000101011000010001
110010001101100000000000000010011100
010011010011000001000111110000100000
010000001000011001001011101101010000
110010000000000000100011001000110000
100100100000000000001000000100001011
001110000101000000100101110000010000
100000010000101101000000100110001000
100010100101000011110000000010000100
000110000010101110000001001001100100
001000000001111010000010001001011001
100110000010000001000001100110001010
000100111111000000010000000110100101
010011000100010001101000010110000001
000010110111010100000000100000100000
001001001001000000010110011000101001
000010000111000000100000000100010010
100100110111000000001010111010000001
000101100010010010001010111010001010
000001001010011100001100000000101001
000010010010010011100000010000000010
000111000010100010001101000000010011
010001100001010010000000011010100001
010001000000100101000100000000001001
001000000100010001001000100001101000
100001000000010010010001000100010010
001000100000000011000101000001000010
010101000001001110010010100011000110
000110010000111011000001000000100011
110000100010000000000001110000001101
001010101000000100011100000001000011
100000101001110011100101100011000100
000011000010000000001100110011000101
101000010110000000100000100000001111
101000011001101000000000001001010100
010001011101100100100000001010000100
001001000100100010001010000100001010
011000000001010000000110100101111000
011100100110000100100100100100110011
010000110001010101001000000100011000
100001000111111100000011001001101000
010100010000000111001001110000110000
011001000100000000011010000000101010
001110000101000001000010101000110010
000010000000000100101110111101010010
100000100001000000001010011010001000
000100000100100000001001011001000010
011000110000100111110000100101010000
011100000010101100010001010000111000
110000000001010011110010010011000100
001010100001010000000001001100000100
000001001111100010001001001101010010
000100100100000010110011100000100010
100110110110011011100100000100110000
010000000000010000000011100110110000
100010000000000101000000010101001001
111000000100110001000001101000000100
010111000010001001000010101010010001
011110101000000000001100000000010001
001000000000010101100010011110001010
000011000011100000000110110100000010
100000101011101001000000001000010110
010000010001000001111100000000100000
011100000000001100111100000000000001
010000001000100000011110001100110001
100000010001000001000000010111010010
100000001110011000010000100100000001
010001000101000010011101100000011000
101001100010000000100000000010100100
000100010001001000111111100000000010
000001100011000000001010001000000001
001100110001000000100010011000010011
100110100110100000000100000001000010
010000010101000110100010101100011000
001100000000110100000100000001010000
010100100001101100001000000001100000
010100100100111010000100100011101010
010000000011100100010000010001010000
110101011010000010001010001101010000
010111000001110100000000000010000110
011101011000000000000000100001100001
110000101000011001001000010011011001
001001000011000000001000110001001000
011001001000100000100000000100110011
100010010001000100010001110000110000
100100000001000000000010001000000001
001001110100011011100001000100101001
000011110001001010000110010010001000
010000011010010000100000000111100101
000101000110010010001100110001000010
011001011001000010001011001111110001
101000010001010100001010111000101100
110110010010001110011010000000000001
011000010101000100110110000000111000
000111000000001110100000010100010010
010101000100100000010000000000000001
100000001000010100000000010000011111
100010001100100010100101011001000101
100000000000000010000001000000010000
010010101100001010010000010011010010
110001001000000010010000010111011000
010011010010000000100000100100001000
000001000000010011000000001100100010
111010000000100001100000110000001011
000101110001000010000111000101000011
110001001010010100100000100100100110
100001010100010011100001000001101000
100000110010010001101000000010001000
110001011110111100100111110000000110
011001000000000001101100101010011011
100000010000000100001001100110110111
010000000010100000001101100010100100
000001000100011001001001000000100100
000001001001011101010000010000101010
001001000011001011000010000100100000
100101001000110001100101010001000110
001010100110100100000000010000110011
101001000011000101011001000101001110
101110000100001001001110110010010100
010010000001000100001010010000101100
110001100001010000001010100001000001
011000101010110000000110000010000001
000100000000100100010001000110101000
000010010000010011100010001000010000
001100100000111000000011100110001001
000011001001000010000000100000000010
100000001111101001000001100010000100
010000000110100010100001101001000111
100000110000100011100100010010001001
101000000000011110000101100010100010
000011000000001111000101010011101101
100010000000001101100010010100001010
000100110100000010010100001000100111
000001000000011011011010001001100011
000100001000000010000000001001100011
001011101000000000010010001011100000
010010110001000000000010100001110100
100000000101010000011010000100000100
101000101011110001001000010010010000
111000010010011000010010000101010110
110000010100100000010100010000100001
000010011110000101000000010010100000
001010000000110000000011010000110000
110000000000100001100010010101100000
110101001000000000100001001000010100
101010000010000000100001000010001000
000001100000010001010000000001100100
101011000011000111100011101010010100
000101000000100000011000000010000110
000010111000010000000001000100010110
001000010000000101000000001000111010
010000010000100101100000000001110010
100011011001011000101000011101000010
001110000010000101000001100001010101
100001011101000101101001111000110100
000101000101010000110000010001001000
001001001011101011110100000100110101
101010000010001000100011010000011110
100001001000000100001000000100100000
110101000010000000001001000000010000
100000000001000010010010100001001000
110111000101000000001100100100000100
010100010001010010010011110100100000
111000000001010000010111000000100010
000010110101001110101010001010001100
000010101000111110010000000100110001
011101010010010001010000011001110000
111000011000001110001100000010010101
101001000000000110011001000000100110
111000000100100000001110011010110101
001000100001000010001000000001010000
011000100000000101000100010100000001
000101110000001101010110000010011101
001001000100100000111101000110001010
101001011000010000011000000010010010
100000010000000100110100100001110000
000110001110100000000001101001011101
101110100110100000000001010011110001
010000110010000001011000101100001000
010100001001011010000010010100111000
000010000001100000000010000010000001
001011011000111000001100000110100001
000011001000101001011101011111010100
100001000010010000100000000000010001
000100100011100010010100000000001101
010010000111110001011111001010101000
110001111000101000000001010111001011
010100010000000000000000100001000111
011000100010000110101100000111000010
101000101001000000001010010000000100
000100011101000010010010000000110100
001000001001111000000100001000010001
011000100011100001000000100011100000
100000000001001100001010001111001000
000010101001100001000000001000000001
010001101101101100001000000000001000
100011011000010011000000000000000101
011010011001001001101100000000100011
010010001001100010011011000100101001
000100000010001000000101010000111001
000110100100101111011100000110100001
000001010000000010100000010011100010
001001110110000100100011001000010000
100001000011000000010000100000101001
010000011100100001001110000100001010
010000010010010110000010100001000001
010001001100101010000110100001100100
101001000010001001011000001000000001
000001001000011000100000101100000001
100000010001100000000010100101100110
111000100011000001010000010001000010
010010000000110000100001000010001111
101010000001000001101101000000100000
000101000000000101011000100001000110
000001010010000000000000000000101110
000111100010010010100000000000000010
100011100000100000010000001001000110
001100010111000010001110100000001101
001010001001100100001000001010000110
001100000100000001110010000000110011
001100001010000000100010000011000100
100100010111100000001101000001001101
100010101001010001011000000110000100
100011000000100010101110010110010000
011100000100010000000010011001111010
000001010100111000000001011000110110
001000100000100000010000110000010001
000100011011101001011000000010010011
011001100001000000001010001110100001
011110011000110111100010000001001010
101011000100010101010001000000100010
010000000000100000111111000001001010
100010000000100001010000100100001000
010101000000010001101010100100001000
100110000100000000001001001000011001
001000000001000001000000100100011100
011000010000100101001010001001000001
110000001010000000000000000110100111
100100111011001000100010100100011101
001010001101100011111001000110000111
001001100011001000101010010000001000
100010000010101111100110010000010000
100000010001011110100010000100100101
010000101110010001010001100101010100
010100000010110001010010000100010010
010110000111001110011011000110100001
100111001110000100001111100100110000
111000100001011011100000100100010000
010000101001000001000010000010000110
010001101000010110010000011000001000
000001100111011001001100011000001000
001000100001101000001100000000100000
010101010001100100100001000011011001
000011000001000100101110001000011100
000100011001110110011000001010001010
110000000101001000010000000010001000
000001001001010100010100110011100010
100011100001000000110111001110010000
010000001001100001100000100100100000
000010101000000010100100001011011000
010011100000000100100000010000010110
111000100001010010000100010010100010
001000110100100000011001000001100000
000001000000111010001011001011101010
100101010001001101000000000000100111
001001010000111000000000010000000010
001000101001001000000000000000010100
101010000100000100000000010010000111
101001111011001001000000010010101010
111000110011001000000010001000010100
100000000000000000100011000100101010
100001000110000010100001000010011100
000101000010101001000001001010011000
000010110010000001010100100000000111
100000000000110001000010010100001010
011000110010000100010100010101011000
000001100111000001000010001100001001
101000010001110000100100000000100001
011001101000000000111100100000001100
001000110000001100000101010010100010
001011000000100000101010010010000110
001101100000100010000100101001001100
100101010101110010000010010000001000
010100000100001000100000100101011000
110110100001100000000001010011100100
010001000010000011000100000000100000
001100110000001101001001110010001100
001000000000100100101000010001010000
011000000000000001100000010010000001
011010011010000011100110101110100000
011000000000000000000001100100000011
000101110000001001100101010001001000
100000001000010001011101100010100000
110100101010001001110000001000111100
110001111010001010101010011110010100
100001001010000010100000001000000110
001010001001111111100010010010100111
110100000000010001010110010000101001
100011100010001110000011011000000100
000010000101100011011010100001010001
000110000000001000001100010000101001
000110000000000000000110100000001001
001100101000001011001000001111111100
010000000010000001101001010000100001
000001000000000000010000100010101100
001110000110100011010000000001100001
110100010001001000000001000000100000
000100000100000100100000000100010011
000010100010000000000101000001010100
000110000100000010011100000100101101
101110000010100100000001001010110000
001000011000000100111010000100000011
001011010101000010000000000100100000
101101010000010000010010000110000111
100010000001000001110001000000001010
000100011101101010000011001100000100
010001100000000000000100000001011100
011101010010000100000000000110100000
001000001010100010010010000010100111
000001000010000010100100001110101010
011001000010110010110100110010110010
001001000100101001000000010110001100
101000000010000000001001011000111100
001100100010011010010010001000011101
000011000010001000111000001000001000
001101101011000001100100100000101001
101110100001000000010100111000000011
000001010100010101100000010000000110
110001100000000000001011000001100001
000011101100001010000101100101010001
101000100100010100011011101000100101
011101001001001011100100000000000001
100011010000100100000000001010100101
100001000100100010001000110000000111
110000100001000000000010010011000001
011100100001101000110000000001001000
010000010000000001000000010000100001
011101100010100000001100010010000110
010001001000000100010010110000010000
000001000000100100100001000000010000
001010011000000000110000100001000001
110101100111100000100100000000000001
000010000101000000010111110010000010
011001000011010010001000111000100010
011101000001010001100100000000010111
010000010110100011100101000101001000
110110100010011011011000000010100001
000001000001100100000100111110000100
000100100101001001000000101001000010
000100001010100010001001110100001110
001000001000111100001000000101101010
000100000001110000001000000101000010
101100000101100000000000101001011110
000001000100000000111000000010000011
010100100000100100100101111101001001
100100011101010000000001010011010000
000001000000100010000001100001100010
010111101000001000000001000110000001
101001101000000100010010000100101100
000110111000100100001111010010100000
010011011101010000010000010010100000
100011100011100001100100100000001001
110100100000000001011010110000000001
110100001000100001001100000000111000
000010101001000010001000100011100110
100110000010000010101000010000000101
001001000010000110100100011101001000
010100100000000100110001001000001011
000010010001100100000001010011000001
100000000100000110000001110000110111
001000110100101000100000000100110101
010100000100000000101000100001000001
110010101101000000000010100000100010
100001110011000000001000000100001010
100010001000000000000001000001010100
100000000110001000101100001001001000
000001110000111000000000100010000100
010100010110101001001010001000011000
011001100000000000100011000100100010
000011011010000010101111000001001000
010010000001000000100101101001000101
010010000000000001100100000001000100
110110010100110000001011000000000001
101000100001111010101011100001000001
010010000001010110100010000010000011
100101000000100001000001110100010000
010001000000000001100100001000100000
100000101001010001000000110100110011
100001001011001000100000110100001110
010001000100010000110011100100011000
110010000011001000010100010100100100
000010110000110110100010010011111001
100000000001010000111000010101010001
000101000000111011000110000101001000
001100000100011000010010101000110001
000100110010100100111100001101111001
000100000010001001100011001100010101
000001100000111100000000001000111100
110001000000100000000000110001001001
111001010000000000010001000010001101
110000010000000001110000100100010010
000111010110000001001110000001100100
000001000100001010000110111101011100
010100000000000001110000000011101010
000001100010111000101000000010000001
011100101000000100001001101011000101
000011000001000000001000100000001010
000100000001011000100010000011000110
010000010000100000000100010011101001
010001100110000010100001000000001000
001001000011001000100000111000001000
100001100000110000101000000101010001
010000100000010000000011100010100010
001100000011010011100101000100100001
000010000110100101000001000100011000
000101101100000010011110000000100000
001010100000111000010011100000101100
100100001110011110101001000000000100
000011100011001000000000010001100000
010000000100000000010010110000100001
111010010000000000111000101011000100
010101011100000000000110000111101010
010100010010011000000010010000101001
010000001000110110011100000100101001
001100101000000000011000100100000011
001110101101001000101101010001100011
011100000000000000101100000011000001
001110001100110000001111110000010011
100110000001100000100000100100010001
000001001011100011001000000001000100
100101100010000111010010010110010000
100001001000000001000000011100011010
001000100000000010001010100011100011
100100001010001100000011000110001010
000100110001101010001110000001000001
011000000100100001010100000000000011
010010100001010010000011101001101010
101000110001000000011100100000101100
000100000101101101001000101101100110
010111001100000011100000000000100011
101000011000010101001010010000111000
110010001000000100100111000000101000
010000110110111001100010010010000011
100000000000000101100010000000010100
010101010000000100100010000001000100
