0111100011000010101100010001001100000010111101001010110000100001
0010001100110101010010001011000111010010000000001011000000001001
1010010001010000001100010001010110000010011000010000000000010110
1101100000001101000011000000001100000000001000011100001001010000
0001111011010010000001000000100000000011000000000100100010000000
0000001000000000101001000001000000010110000110000000001000100101
0010001010100000010010010100011111000001100000010000101000100010
0000100110000000001011000000000100000000000000111000001000000100
0000001100000000000100001000100001000110000001000001101010010101
0010101000000100000100001000000101100010000100011001001010001000
1000100000100001010000011010010000000110000100000100100101000010
0010001100010001010100000000000011001010100000100100001000001111
0000000111010010001010000000010011000100100111100100100010011000
0100000000001110100010000010000011101101100000110100000000000110
0000000101000101100100100000000010000001100000000010000000011001
1100000110000101001110000100111000011011001010000100001100001100
1010100011000010100000001110110011010101001000001100100000000100
1100000000001001000001010010010100010010000111010001001000000101
0100000000000001101001000001001000000111101000100100000010001000
0100101000101000100000100000101010101000101101010000010101100110
1100101101001100010001011000101110100000110110011100001100010000
0000001011100100000001011001000001001100001100000011010000100000
0010000000010101000000000001001010100010110000000110011010001110
1010100000000010000000110100001000000110000000101010011010000100
1110000011001000100001010010100000000001001010000011000100001110
0100000100100000000000000100101000000000001010001000000000001000
0000001000100111100000001001001000001000010000011000000000010000
0100101000000100010101101100100100000000000000100000000100011010
0010011010001101000110010000001000001000000010110001000010000001
1000000110100010010000000001000001000000010001110000100000111001
1010100001011101100000000101000001101100001000110110001111001001
1010001100000101010001010100000011000100000000010000011000001100
0000101010100110110110000101001100100001000001000010100000001000
0010000000010110100001000010100110001000000010010000001001000000
0010010000110000001101010011000101011100000111101000000010010001
1001100001110111000010100000110000010001000000010000001100001000
1001100110010010010010100100001011100000000000010101001110000000
1010101000100100000100100001100000011001000100111100100101001000
0010000000010001011011001000000000111000011010110000100001000000
0010010001101000001001111010001011000000011000010100100001000010
0100000011001000000110001000000111010011100011110000000000111001
0000011010100000000001000001100000000010100000001001000101000000
0100011010000010100110000001010010001011100001101001000010000001
0101100110000010010010110011011000000010000100000001000010000000
1111101000001011101011000111110001101010010100101000010000100100
0000100010000111000000001000001000001001001010001101000101000000
0110000000000010010100110000100100001110100101000000000000010000
1000000100010000100100111000000000001010110000110100000000000011
0100101000001010000001000011000100011000000010100000100010000010
0001000000010010000000001111001001000001100101010000011000000100
1001011000100011110001010110001001000110100100000000000000110001
0100011000011011101011100001000100001110010110000100010000000100
1000000001110010010100111001010000110000000000101101101001001000
0011000100000100110000000001111011100010000000111010010010100000
0001011101000000001100101001000010001000000000000110000001000000
0000000100000000011001000010101001000000100000100000000100000100
0101000000000000101011110000010010000100010001000000101010000000
0111011000000000000100001000011000010000000010001000101000000001
0101100000011001000000000100010100001000001010010000000010000111
1011000001000000110000000000001100001000101000110010110100000110
1000010100110111000000001101000000000000110001000000100001110110
1101000011100000100000010001001000000000001000001000001000101000
0001001000111010010101000000000000100000100000100100001100101010
1110001100001001000001100011000000010101000000000001010000001000
0110010101000001001000100100011101000110100011001100000100000001
0001001001111000111101001000000010000101000101000001000101000010
1000000000010000001000010010101000001001101110000000010001010001
1110010011001010000010000100100000000100110110010100001010000000
0000111010010010100000000001000000110000001001011000001110100011
0011000111001011100011011110011000110000000000101101101001100010
0000010000010000000100001000000000101100011100010110010101011010
0001111000011011101100100011110100010000010001010000000000100111
0110001110100001010100010100000000001001101000100111000000010100
1010001010000010110000010111001011001000100011000100000001000001
0011100100010111011110011110100001000110010000101110001101010001
0111000101000000100111010000110100000000001000000000100001001000
0100101010100011001100100001010010011110011001001000110000101010
0000001001101000001110000000000010110101000000000100100000100010
0110100110110011100000110000000000100010000001110010001001001000
1010100000000000000001000001000010101011101101001010000000001000
1100100001010000000010010000001000010100010010000000000110001011
0100110001100000110000010000010101011000010010110000000101001000
1000010110100000000101100000000010000000100001000010100001001101
1100110000100010000000110000011001000001001000010000100010010010
1010011101000101011000010011001000000000000000010011110111000010
0000001000100000001010001010100000001011100101000000000100010010
1100011110000001011001110001000000100000001001110111001000100011
0100010110000000001100001110100011010110010001100000100110000011
0000101010001001000110000000000000000111000100000110000100000110
0000001001001100000010001110010100000000000100010000000000011000
1010001101001011001010000000000001000011000100000000101000000011
1010010101000000000000010100000100010100110000100001000101001000
0001001110010010001100000010000001000000000101011100000001000000
1001100010000110101000000000010000000011001101100001110110001000
0010000001010000000000000100001000001001000000100001000111000011
0100001100000000000010000100000001000000001001001110000001010001
1110001001011000000010000010010110100000011000000001010000000001
1001100001010011001111000000100001010010111000110010000000100010
0001000011011101001111000001011001010011001010011000110000011111
1000100000101001001001000000110100000000001100110001010100100010
1010100001100001010111100000001100010100001000000000100011011110
0001011100000010110001010000000110101010111110000000000000111000
1010010000000000000110010000000010000100010100000001101001000010
0000001111011000001000110010101110100001000010100000010011000001
0100000010100010000000001010000110100011100000000001100001000100
1000100101000000101000110100001001001000000011100100001000001000
0010000010010000010010000000000000100100000000110110000000010101
0000000100001100000101001011101010010100000100001101001100010000
1010001000000000101000000101011110000000000010100010000000101001
0000010001110000101000010001010010101100000010000010101010001110
1000000010000110001001100011110001100010100010010110100000010100
0000101101001010100100000110000001111100100010001101100001000100
1100111000101010001010000100000000001000101100010100010011010000
0100100010101010000000000001011001001011100100001000110000100001
0111000110101010000001001001111000001000000110101000110000010001
1100000100100000100000010111010001000001010010000100100000010100
0000110101100000101000010101100000010001000000110100001000010000
1000001000000001010100001110010010000000000111100001011100110010
0010111111101001000000000100000100010100010110000000000000000100
0101000000000000100000000110000011000001100011001000100101001100
0001000100000100100000000000010000100101010111000000000101000100
0100010000100011001000101000010000100101100100100000000001100010
0010000100000000010101000000000001000001011010000001000011001001
0010000010010000000001000001000000101001011001010000001001000001
0000000101011010000100000000001100001000101010010000010011010000
1000101010000010001000000001010101001000000110000010000010000000
1101000000010011010000101000000111010110000000110011000010001001
0000001010010101001100000000101010010000101011000000001010101100
0001100000010000110000000011000000100010011010011000001010110100
0000011000001001000100001111100100000111100100010001000100001001
0010100111000001010000000000000001011000000000100000001010010000
0000110100001100000010001000010000100001100010000101101010000000
1011000000010000000100000110010010010011111101100101010101000000
0011111000000000000011000100000000000001010100010000000011000000
1011000000000000011000110011000001011100000000000000001000001001
1011000101001000111011000000010001000000000100111001000100110000
1111100101001000000000000110000101000000001011010001010000001000
0101100000000111000000000001100010010111000000001000000100110001
0011000001010001100000111000000000001010000010000000010010100000
0101001110000010000101000000001000000000010000111110000000000100
0101000000000111010100000011000010101000101001010100000001101001
0000010000000101110101101010001010000001001010000000000111101010
1100000010000011000011100100100000100101011011000011000001100000
1011001101010100100000101100001010000100100000000000100000100110
0001001101000101001000100010110110011101010101101000010100100010
0000100101001001100110011100000100001000000001100010100011011000
0010011010000101110000000000010010110110110000000000010010100001
0100010010100001010001010000101100000010110000000100001011010000
0010000010100001000100000000001011000000110000010000101001000100
0001011100010010011001100001110001111100101011111000000110100000
0101010000000000000001010101010100000000010001011100000100100011
1010010001001010001100000001000100011001010000000000000000011100
1001000000100000010100110010011110110011000000111101011110000001
1100011001100100010000000100100100000011001011000000100111000011
1000100101101010000000100110000100000110000001011000001001000001
0000101000000001100000100000000000000001000011001010000001110110
0011010001001000000010000000000100001010001000000001000011000101
0000000100001010000000100000000000000000000000000000000010001001
1100000000000000000000000010000000000100100101100100010100000100
0100001010000001000000100001110001101100000000100000000000010100
0001010101000010000000010000100010000010001100000110010100001110
0110000000010000010000100000000000100100001000011001000100001100
0101000000001010010000010001100011011101110000100010010100010101
1100001010000001001010100100011010101010011000100010000100100000
1110001000000011001001000001011001000111001000000011001000011000
1100000100101011101011111001101011100100000000000001001010100111
0000100000000000110000001000110000001000000000000110000001101001
0100000100101101010100101110000000100001100011010011000000001000
0101100010001010000001001001110001110001001000000111010001000100
0000111110000000100010010011000000010000001010001001000011000011
0101100000000000001000000001001101100000110100010010001111011100
1101000100000011111110000001010000110100101100001000010100110111
1010000000000000001000010000010001100000000111001000001000010010
0110110000100001010100010011010001010100010100001100101000100000
0000111010001110101001000101010100000000010000100000011100111010
0101100100100000000000000010000000000110000100100000101011101100
1110110110000110000000010000100101100010001010110010001010110000
0001100011100010101001110101001001000001000101000100010001000101
0100010100100000000000000000000000000001000010001000000000110001
1000010000001001010010101011100000000000000101100001011000000001
0000000110001010000011010001000000110000001010000000000000001000
1000100000001000001001101001101000000010010001100000010100110000
0000001001000000110000101100000010001000000001100000111100000001
1101000100000110000000011000010011000000100000010000000000100010
0010001011110001000000000110100100011010000001100000010011010010
0010001000000110100000110001010100000101001010000100010000000011
1010101110101100110000000101010000000100100000101011000011100000
0001010000000100000100100100110011000101010010000010001010000100
1010001100101001000000000010010000110101000000100000000000000001
0010010000000000100001011100000000110000110001101010100100000010
1000000101111011000000001110000000110000000100000010100100001111
1011111000001010000100000010000101000000000000011101001100000010
0100100000000100000000100000100000100011100010001000100000000101
1000000000100001010100100000100100000100000010100000100001101001
0000100101000011100011000101010000110000100010100010001010100001
0001010000011111000000000000100100111001100000000000100100000010
0110100011001010001100000110110111010000000000001100111000000001
0000101001001110110000101001000010010101000111100100000000101010
0000101011010101000000000000100001001110100010100010000000100000
0000100000001100101000100000111000010011011100000110101000000100
1000001100000000000010000000000010000000001001000000000110000010
1110110000000100001101000001010011000010001010000001000000101111
1101100000110000011000000000001001111110110001001001000011011001
0100111110000010000110010001000001011000000100010011000000010001
1000000010010001101000001000001100001100000000100101010010001011
1100000000001100001001111001000000100000100000010011010110110000
0001110011101010100001000110001010110100000010001111000100100100
1101011000010001000010001000010010000001001000001001100000010000
0001000101000100100100111000010000010111101001000000100101010001
0110000011101100110111110001000000001110000000101010110010011000
0010110010001110000000000100001000111010000000000001000000100011
0100000101010010010101011000111001000000001100100000101011100010
0100000000000011010000001000011000010010011001000000001001011000
1010100111111000000011100011000100001001000000010000001001000100
0110100010010010000010101101000011000011100000100000000010001100
1000000000010010001111110001000010101000100101101001001010101000
1101001011100000000010010101000000000001110011000001111111000000
0010100000110110011110010000100001011010000000001000101000010001
0111101000000000010000110000010010001101011110100100010100000110
1001110101011000010000000010001000000010000010000110100000000001
1100100000101000100000011000101000000100111100010001110100010000
0000011000011000100000011001100000011010101001010011000001001000
0010110000011000111010000000010000001001001000000000010000001000
1000000011000000011000001001001000000000000000011010000000000010
1000000001000001101000010110100001000101010110110000010110101000
1111010001110111000100001000000000101100001000011000000100100001
0100011100010000100000000000000011001010001001000100110000010001
1011000010100011010100110010000000000101000011010011011000001110
0101100100000000000001000000101111000001000010100010000011000101
0010010111100000000000100001001010000010010010000100010110000010
0111000000101100010000000011000111000000000001100100000000010000
0011010111000010001010010001101000010010000001000010001000010001
0100001101010010100001000000100010010000100000110100000000101100
1001100100010100110000100001000100110000111001100100000001000000
0011000100001101000001010000000101011010000100001000100000010111
0011001010001000000001010000000001001100010000001001011011000000
1010000000000110000000100010000100001110010001101111001110010100
0001110100100001000010000000000001000101000000001000100000000001
1000000001100000000100000001010000000100000000010000100000001100
0010101011101000110000000001111001000001000000010010100101000101
0001000010000000001100100100000010000101001010001001000000100001
1000010100010001011110010011001110010000000110001000010010000011
1000000000000000000111010000010001000100000000101000001010010000
1001000010000001000000111000011000010110100010010000010010011010
0101111000000110100000110001010000000000101001111010000011011101
0000100101010110101000000000010000100100000100001001011100010111
0101111100001000000001000010001010110001000100100001100000011100
1000001100011100001011000010010100000000000000000000101010010010
0000001001001110000010010101110100000111100100001010001000101100
0010000110001000101001100011101001000000010001001010001010100001
1000011001001000000001100010100100110110001001010101100100101000
0010010101100000010101100001000000101111101000000000001000000001
0000001000000010001010000000100101001000000000000001010011000001
0010100011001100010000111000010010010000111001010001000011000101
0000110000011000000100000101001101000110000000001000000010010110
0001011000110000101001101100000010001000011110010000000010010000
1001010010010000010011000100000001000010100001101010011001001101
0000101000110000000111001000110100010000110000011100110001000010
0000100100100110101001000000000000000000100000111100010011010010
0000101100000010110100010001100100010001000100001100101010000000
1001000000101010000001110000100011111000100010010000101011000000
0001101000000000100001010100011100001000000010111000000000011010
0010000001010001101100010000100010100001000110000001011111110001
0010000000001011000011101000000000000101000010010100011100000010
0101000000000011000001100000111010000111000100110000001100110000
0001000100000110111001100010110000000000000011000001000010001100
0010100010010000010101101000000000000110000000001010000000000001
0000101010001001000100001100000001101011001000000100100001111000
0100100110001001000001010011100001000000001110000110110101000001
1111001100000011011000010001100100101110000001000000001010001100
1100000100000001110000000000000000000000000100000111000111110000
0000110100101000101010001110110000000000010000000100000101000001
1110000000010101100000000100001010101000000110100011011000000010
1100011011010000001000101100000100111010100000010101100101000101
1000001101000100011010000011100101000000000100000000000100001000
1010101000000001000001011000001000000000010110110011010101000000
1010001010000001111001100000000110000000110100001000000100001101
1000110110001001001110001010001000000001100100001000100110101010
0001000100000001000001001000000100000111000100000011000010110100
0010000000110100000011100000011100001010000100011100010100100000
0010001100100000000010001110000001001000010010010000000001000010
0010000110001000000000111000001100000010101100000011100010100001
0010001111000111000001100001100000000000010001100000111001011000
0000101000000000001011000000101000010001110000000001100000100011
0100100010101000000001000000101001010100100100000101011010011111
0001111100000010010000000001000000000000100000011000010000110010
0111000100011000010001000100111011001011100100001100000000011010
0110000000010100000000010000010010000110010000010000000111010111
0001001001001001000011000101000100000000100000100011010000001010
0101001000111001100000101001100100000000001000100001010000100010
0010010000100111000000000001110010001000011100001100010110010100
1110110000000000000011001000100110000100100100100000000001000010
0100000000000100010000101000000000110101000010100000011000011000
0010010000011000100000011001100001110000000100100001011101000000
1001010001100000000100001100101000011011100101000000011101110100
0100000000110101000101101010001100110000100101001010000000001010
0010010101110001111010000010110110001110001010010010001000001000
0100101010100001101010100000010010000000001011101110000110000000
0011000110000010000000001000100100010011001001010001100000001000
0000001010100101100001001000000000000000001100011000111001011011
1000000000000000001100010110001111100101000110000101010100101000
0001001010000001010000000010000111100001100111000100000100100000
1001100000100000000001001000001010000001000000001000000011000000
1000011101001001000100000100000001001011100011000000000000100001
1001011101000101000010000000010001000000010000011000010100001011
1001100001010000011100000101001000100000000000000000011101000001
1000011110010100110001100011001001000100010001101111000101000011
0000001110110101001001011000101000001010000011000111010001010100
0000100110000100000010010011000000000100001000101001000101011101
0000001110000000000000001110010000010100010000110111010101000010
1000110100001101000110010010000000001010000100000100010000100010
1100001111000100001001100100100010110100000110100011111000111011
0001001010000000110000000100100010011001000010010100001000110110
1101000100001000000001100111010010001000000110000001100001110100
0000001001100100100110001000010011000010000000110100101011010000
1100000110010010000100000000000010010011001011011000101000000011
0100000010101010010001001010001101000000001010010101010101001100
0000010001000001001000000000100001000001101010100100111000000011
0010010010010011000010000110000000000000000000001000101000000110
0000110000000001000101001000000000001001010000001000000111000000
0001000010111000111101010100000100001010000000000001000000101011
1000000101010001101000010011100100000011010100000000000000100000
1010001000000010111010010100001001100000000100000100001100001000
0110000010000000101001100111010000000001000001000000000100100100
0010000110001011010100010001010011111001000000100111001010011001
0011110001101000010000011100000000001000110100000100011000011001
1010001100100101001000000010001110000000011010001100001101000000
0000001100110001000000000010100000110000000011010100001011101100
1000001010100100001000000100110011001011010110000110010010001100
1101000111000101001110010010010110000110010101000000000000100111
0000000111010110010010001000000000011100000010000011000000100000
0100000000100001000110011010000000010000000100100110000111111000
0000100000001010101000101000100000001110000000000010000100001101
0010111010000001000011101011011010000000100011000111000001000001
1010000011111101010100000010010000001011001000000100011011101101
0001100010111100000011100001000100100001100000010011100100100000
0001000000001100011000100001001111000001000000001000110000110000
1000100101011010011000100010000011011000100000001001100100010001
0000000100001000101010110100000100010101100011100011000100000001
0000100000000010000010001000000010000000100010111101010100100010
0000010100011001011100001011000011011100100011001000001010000001
1000100010000100001010000000000101011011001100010010001000010111
0001110001101100001100101010100100101000000000001010000001010001
0100000011010110001000100010111010000001010000101001000000001111
0000010001110010101100000000000001010000110000000001110000000001
1100100000100010101000010100110010101001100000010100010000000110
0001100000000000000000010011000000101100001000010011100011000000
1100000000111001000000000000000100000001100001000110100000001100
0100000001000101100010010001000001000000011010011100010000000100
1000000000100000010100000000000001010000010011000000000000000001
0101000110100100101110000111000011000100000010111000010101101100
0010101100011010000000001010100011000001000010000000000001000000
1000000010100000000000100001101010000100011111111011001011111000
0110001000000100101000100100010010110110000000101000100111010010
1000101111001111010000010000000000101011100010001000110010010010
1000011010111001001001101001001010001000001000000000111001000001
0011110000010111011011001000110000010000011110110000000100001000
0001100010101000100010110011001001010010110000011000010001001000
1100001011001000000100000100000111010010000000000000000000110101
1000100100001000000000100100010010111001000000101100010101010000
0110000010010100000010100100000001000010001000000001001100101001
0110100110100010001001001100001001011001111000000100101010100110
0100000100010100001010000010101000001010000001110010001011010100
1001000000101101001000101110110000100000000001001101101100100000
1001000000010000000001100011000000001001000110111011001011011110
0101000010000000011111100000001010010001000010000000010010011000
0000011000000000000000101000000000001000001000010110000010011011
0000110000001111001100001000100000110000000011000010000010101000
0010000100000010100000010011000100000010000000001001100000001011
0000100100111001000100010000011000010110110000111010010000001111
1000110011000110100101001001000000001011000000000001000011000101
1000000000001001000010000001001000111110000101000001010110110001
1100100000000001101100010000011101101001011111001100100100011110
0001101000100001100111100100101100001010010011001000001000010001
0010011001011001100001001000100011000001000110000110001000000011
0010100000100001110001001101001100110000010001100100001110000000
0011001001010101000100000000011000100011101000010000010010110110
0000000100000010111000000110010010000100010011100001100000000001
1010000100100001011000010000000001000111000111001100000101000101
0000100011000000000110000100000000011100000100010000100100000001
1001110010000000100010100101000000000101010100000110010001010101
0000011001001001000000001011000011001001101010100001000011100010
0000000100001000011101100100000100011000001000011000000010000100
0010000010011001111101000010100100010000010100011001000100001000
0001000000000001000100000010001011100111100000001001110111010101
0010100000111111000100010100000000100000011100010010000011001000
1000100000100101010111000011000000000110000010001000010010000010
0110100111000100000011000110001111010111110011001100000010000000
0000000100101000100000001000100011110000000000110110001000111000
0001100100110110000101000000010100000001100010100011010100101000
0101000001100000100000000100010010000111100001000010000100110001
0001100010010100000100100100100010010000100001001001010000010111
1010011000010001000000110011000000000010010000001101010001010110
0000001001000000001000000101011110100000100010000110000000110011
0010100010101000011000000000001000001100100001010001110100000001
0110010010000000000000000010011100100100000110010010001000111100
0111001000100001101000000010011101010011111011000010100001101110
0000000110000000010001100100110011001101110100110101101010110001
1001000000000010001100001001000101010001000000101100000101100001
1101000000100000001010010111001000000001001000010000001110010011
1000110000100101001000010000000010000000000100010000001100001100
0010111000011100000010000000011110010000000110101101000000101011
0101010011010000010000010000001001000001001000000000100000011010
0000011010000000001010000000010000000111101010000000000100001100
0010000001100011000000110010010000100100100000111000000100100000
0010110111000001101000100110101000111000000100000010001000000100
0010101000000010000101111001001000110000000000011100000000011000
0100001001010001000101100000000101001010101000001000110010000100
0000010001001000101000100010111111001000110000101000010000001011
1010100001001010001101010000011111010000000011000100000001111010
0010000100001010000010010100000101000110110001000111000011010010
0011100000101000011000011000001101000100010001000011001010100001
0010000001011010000010100010000001010001110100010011011001011010
1110110001110100100100000011100100000000000101000000001001000110
0000000100010010100001000100000010010000100010100000100100010000
0101010011110000110000011001000000001000001010000100010001111000
1101101101001010100000111010010110000000000000001001100001001000
1110100100010010000100000000000000011001110001011010000111000000
1011010101000101011010000100000010100000010000010000100000010110
1000101000000101110010001000000010000110001101011000000000000001
0000100100110111001000000010010010110010000100101111001000100110
0100000010000010001100000100000000110000000010110000011001101100
1000011100111001000101011001110010010101000000101011110010000000
0010101101000100010101011001000001011110010100001101000001011000
0010011010100001001100100000000011100001000000111100111001100100
1000000000101100110011100100000111000100000000000010001000001000
1001000010001001000010001000110000111011001010000010000010010100
1000101001110100110010100001001000000110001001100000000010000101
0001000001010101000010001000000100001110011000000010000100010011
0001000000101100000000000011000011011010101100010100010001001001
0011101010010000100010110001000000100000000000000100000011101000
0010000101110000000101010101100101100000110000010001011111000000
0101100000111000000010010000001111100100001000001010000000100100
0001001100011100000000001011010001001001110000000100010100000010
1000100000000000010010011100000110101100000011100001000010100001
0000001000100000001001010010001000000010000010111000010011000100
0001011000000001000010001010100101001000100100000010101011010000
1010000100000011101101001001000010010011010111101111000111000100
1000000100101110100010010101100100110000000010001010101001000001
0110110010001000001110010001100001001000010100100001110010011010
0100010000001000000010000101000010001001010010001100101100001000
0100000000000000001000100001000100100101100001000100001000001000
0000100000001000011010100100010010011101100000001101000100000010
0001001000010111111100001010001100000001100100000010100000101000
0000011011010011010010010000011000101010010000101000010100000101
0110010100010000001000000001000110000100010001010100110001000000
0100100001001100000000001101100100010110000000101000000110111011
0010010000000111010110101011010000100000000100000110111001000101
0000111110000101000001001000000100100000000100010100001010100001
1000001101010001011100101101101010000001001010000100001011001001
0110010010100001110111010100101010010011000011000010000010011101
0100010001010110000010101001000100001000100010000000001000100010
0001001000000000001000010000010101001011100000110010100001010011
0011001101001011101001000000110000000000011001110001011000001100
1000010100110000000011101000000110100101000011010010001101110010
0000001001000000100100001001000110000001100001000000000010101001
1001010000000101100000000010000010010101000000110000000001001000
0100000100101000000000010010101001110010000000000100001010111110
0000111000000000010000110010001000001100001101001000001100101000
0100000010010000001000000010000000010000001010001100101110111010
0110001000000000001000101000100011010010000000001100100010000111
1000000000011000000101000010100001001101010001000001111010000010
0000100001000100000000010000110101000000011000101101000001001001
0110101000110011001010001010100001011000010000000001101010001100
1001010000100110001000010101110001010111010001110010000110000010
0101110100010100110000001011000011001100000110000000000000010101
0010010000001100100001000100000011001000000000001001001100000100
0001100001000000010000010001000110010010001011010110000010010000
0000011010000011100100100011000000000000000001100101000100001001
1001000100000011000001000011100100110000001100000100010110001000
1001100101000110000011110000010000011000001000000011001000001011
0011000110000101000001001001010000110000110001110100000010100110
0000100000100010001011110110001101100100101001001000000000010000
0000010000000101010010000110001111010010101001100001000001010001
1100110000110001010110011000010001100000110100100111001010000001
1001000000001101000000000010110000100111000000001000010101100000
1001001110000010100010000100100001001001001111101011001001011000
0000100000010101110101000000001100000100100011011101000010001101
1001100010000000101001011001000010000100101011001000010100010100
0100000011001010100011111001100010000001001000010000001100000010
1000001100000100100000001000000000010000000000010011000110001010
0100111000010010000010000100101000001001000110001010000101110000
1000001001000011010100001110000100000000000100000000110001000000
1000011010100100100000000100011000000100000000000110001000100111
0001100010001000001011010001010000000101000000100010001100100000
1111011110010000000010000010000001000101111000101000000000011111
1100010000010010000100011001000011011111000001100110100000101010
1111101000000100000111000010100010000110011110100000001100110000
0000010110000100001000000010100001000100110000101000001010100110
1000001111000011100000101101010001101000101011000100010011101100
1000110100101011000000000000001100011110100000100100000000101100
0101000001001011011110000010000110000011001010101001000000001110
1000001010011000110111111000100001010011000000100001100000101001
1011000010000000001000110000000000111100000010001001010100000101
0010001000001001000000011000101000000000111011000001001001000011
0000000100100010111010000011001001010000001000000101111000011001
0100000010100001011000001110010001011000000010010000000011010000
0000010000010110000010001111000100000011011100010010101100110100
0011001001100011000101001000000001111010010000100001110111101100
0001001000111010000100000001011001100011000000010000000010000011
0001000000010100000011001000101100000000000001101000000000001110
0011010000001100110010101010000101000001000100101001000100000001
1110000010000110000100010000101000100011001001011101000000001000
0000001000001000010010000100001000100101010010111110000000001011
0001001000000110011000001101000010010000100010000001000100000010
0001000100010011000111000101100001000000010011000110011011100001
1000000111011101000011000000100100000101011101001100000001010000
0000100100011001010010000000100000000011010100001000000000010010
0100001001110101110000000100000101101101000010100100001001000110
0110011110000010010010000000100000000000110010000001011101110001
0000000100000010110100000000001000011000000010010010010000000010
1000000110100010001010000100010001010110111000000011010000000001
0011100100100011011100110010000100001110100100100101001100100010
0001100000100110010000010101010010010000100010010111000101101010
0010010100010000010000001001000010000101101001011101000000011111
0100000100101010101001100011100000000001010011001100111111000001
1010010000010111110000001001000000001010001000100001001000010001
1000011000001100000101011101001001001010100010100001000000010001
0000110000010001000110001000010100111110000000000000110110101001
0010000110010101110010101001100001011000100110100110000001100010
0001010011010101001010000100000000000010000100110101100001010000
0000011110001000000010000100100001001000001011100000010101000000
0000100010001000100000000001100000000011000000010011000010100010
0001000000000101000010001000000000000001000000000000000000000010
0111101100000100011111001111010000000010101100101100110001110001
0010000100001010101110000010011000000001000001000010110101100110
0100010010000001001011011000000000011010000011101000110001001010
0001101000010111000000001110010010001000101000000001000110000001
1110001011010001000001010000101000101100010000010000010000010010
0010010100100000101101001101000101000010000010001000100000011010
0010011000100100000000010100100010001100100000000101100100010000
0110001000000011101010011000010010101101100100010000101111001000
0010000010000101010101101001001000000000000000011110000011010100
0000110111101100000001000110000010010000000000001010010001110000
1000001000001000111100100001110010001000001001010010001010010111
1000101001101001101001110000000110100000000000000000000100101000
0100101101100100000000100001000100010000000110010101000010100001
0100100010001100111011101010100111110010100010000101001101000101
0000110010000011010110110011000000000100100010000011000000000001
0101111100000011110100000001000011000001001000000000100100010000
0010010000001001000110000010001111001000000011010000000000000110
0000010101010000000000000100110010010001100000000000100000001010
0101000111110010001001000100001000100000011010001000010001001000
0010100000001000011110100100000000101000000000001001100100000100
1010110000100000001101100001001100100000000100000100100000010001
1011101100001010011100001000010101010000001100001000000001000100
0110011100001010100100000011011010011100000110001000010000000011
0001100010000100100000010010110001101100001000100000001000010010
1000010001011110000001001100001000000010111011001000000010010001
0101000000101011000101010010000100001001000000001000000100110000
0011010001000001000000001001001100000001110001001000100101000101
0011111110100000011100010010110000010000001011011000000011010010
0000001010010100001000101100000000010100011100010001101101001010
0000001010000100100000010000100101000000001010000000001001010010
0001011010000000100000001000000100010001000000010000011001100100
1011001101001101000110100010110010000011100010100010000011011000
0001101100100010101100000001000100100011001000110100101001011000
0010010010100111000000010000000000000111000010001001001010001000
0000110000110001000100101101010110100111110100000001000000001110
0000000101100000100000000000001000000001000100100110000100000011
0110000000000100000100110000000000001011110000000100010110001000
0010110010000011110100000000010000010111110000110000010011011111
0100000100110100010111000010100011110110000011001000100000011010
0110000101000000111000000110010000001100010001011010010000001100
0101000100011000100000000101110110000000000101011001011010011010
0101000000101001011010001000010111000001000010010000000111100000
0000001000001000001001001001101010000010000001110000000110011100
1000000000000110000011001111100010001111001011001001010000000001
1100000000110001000001010001000000010000000100000100000010000100
0000110000001110001110110000010000001001000100010001000010001000
0100001100000100001000000001111000101000110000010010010110100000
0010100010001010100001010000000011100001000010001000100000100001
0101000001010001011001001001000000110000011111110110110010010001
0001011011100000000101000001100000010110101010100101000000000001
1100101000000001000000011000010010000010100000000100000010000100
1100011100010101000011000000000001110100110001000100010001110100
1001010000010110100010000000010000000001100100100100000001000100
0011100010000001001110000110100000000001100100000000110001001011
0100000011000011110101001100000011000000101010010011101100000011
0000011101000001111100100010000110000000010100000111011001000111
0111000001000100011001011010000000101010100100011001110010001000
1000011001000010000100000001000010000101001000111001010011000011
0000100001111000000100011110100010010100100100001010001000110000
0110001010110101010000101100000010010001001000101101000101001000
0010111000101000000000011100001000010101000011000000000110000011
0010001000000000100000001010100001000000001111100101000101001000
0010111000110001010010000001000001000011010001010001100110001011
0011001110000010000000100000000110000110000010000000000000010000
0110100111100011000000000111000000000000010011100010011001011100
1000000000000011000001001101100111001100111100010100010000000101
0110100100101100001010000100001010010000000000001001000000010110
0011010000100000100011100000001001001000010000110011000000000101
0100010010000001100010110000000010010001101010110000000010010100
0101011011000110100001100101011001000000001000000000011010000001
0001000000101001110010110001000101000011000100100010000001100011
0000001100100100010010110001100010100011000101100101101100010011
0001011000110101010000000110000000010000001001001000010100000011
0010101000000001111101100000001001000000000101000100000111100010
0000011000011101000100001000000011001010000001000000011010011001
0100000101110001011001100100110011101011110010010001110001000001
1100100000000110010100011011101000010100110000001000010000001000
1011000000000000000000001001011101000010011010111100000010010000
0010001000011010100000101000011000000000101001001000010101000011
0100000000001001100011101000110100100000001000001000000001010100
1100000011000000100001000110001100010100110000100000010010010101
1001111101001000000001000010000000100010111011001101011100100101
0100110001101001000010100101101000000000010000000101011110100000
1101100100111110000000010001111000101000010000010001000101100000
0000000110100000001000010000000000100101000001000001000000100100
1010000000101000011100110111001000011000001100011000100010000000
0110010110000101011000000001011010010100010000001010000001000010
0100000000011000100011001001010000000100000000110001100010001000
1010000010100000000000110000001000011001000001001000001000110111
0001011010101100010000000000100010000100000100110101000010110011
0100010001000100100010010100000000001010100000010001001010000011
1101001110010010010010110010001011000000010100001000001000010000
1101010100000001110000000001000111010011010010101100100011011100
0010000101000000100100000001000001100000100000001001010000000010
0111100101000010101000100100100000000010100000000000000001101100
1010001000101100011000000011010110000010010001111110100000100000
0010000110010000100000000010000100100001010000100010000011000000
0100011000100000011011001000110101000000000100000001000000010101
0001100001000100011100000000000101101010000010001100001010000000
0011100100110000000000010010001010100110000001000000110100000010
0110100010010110100100100000011000000100111010100000111010000101
0010110001100110000101100100000110000100000101000100101011101000
0101101000000000000000010000100010000000101111010001000000100001
0001000101110001000010011000000000000101001000010000111000001010
0000100010011010001000100000010100010000100100100010000001000101
1000001010001100000001010000000100001010101001000011000101000101
0100010100000000011000001100000011000010000101010110101010001100
0101000010101001101101100100010001000001000011000000000000001001
0111000000000000110010011000000100011101000010100011000010011010
0010010010000001000110000001110100100001010011001000010011000000
1000010000000110000001000100010101000110001000100000000000010000
1011101000101011100100110100000000100101000000010011011001100000
0010000100000000011000100110001100001001001010101001100000000110
0000001001000111010000001010100011110101100011000001000011100101
0000000100100011011110000000001000001110100001000010001001001111
1000000100110000001100011000001110110101010001000011010101001001
0011100010100000110010010100010101101100111001001001001100100001
1000000001101000011010001000001000011001011000001010100100001011
0100100010011011110010000010110000000010001010100010000110100010
0000001010110011111101010000000100010000000000000000010010000000
1011001100000000100000000000000000100000100000001000010110110000
1000010000000000000000000010000000100000001000011010010001000011
0011011111000101010000000010110100011001110110010101000000101100
0000011000010100000100110101010101000000000110100000000110100011
1100011110100101010010000000001100011001000110101100001001101001
1000001010110011001000000000000010100000010010010001010001100001
1000010000011100010010000010100000000111011000000010010001100000
0101000001001000110000000100010011010001100110101000000000001101
1110000000000001100100100001001001000001001100100100000000010100
0011000100001010000001100100001000100110100000100001010111001110
0000000100100001100011000100000100001000001101010000000010111001
0001101111101000100001110101000101000010000000100001001011001100
1001000011000001000010000001101100000100000100011011000100100000
1011001001001000000101001101001001010010001001011111000110000000
1000000110010100000000010100010000001101000010011010000101000011
1000100101001000000111000000010100000100100000101010100100100001
1000010001011011000000000010000110100111000101001100011000011111
0011000000100010110000101010000010001001011000100010000010000000
1010000100001010000000010001001000010100010101110010010000000110
1101000000010000100110010001100100010000000000011000000010011000
1000000110000101000011001100001000001110001000011110000010110011
1100010000110001110010100001000000000010000000000000000100010100
1000101100000100010001001011010110100010100010001000111101000100
1010101100000000000000001001010000001100011001010010001110101011
1110001000000010000010010011001000101000000000000000011011100100
0001000100010000000011100011001001100011101000001001001111000110
1010010000110101111000100100001000000010001000101100001010010100
1000101100000110100000101000010100001010000000001000100010110100
1010001001010001000010010000110100110001010000010000110010001000
0100001000000011010010000110100000000001000100000001000010011000
0010010000000000010001010001000001111011001000000100100110001001
0000100001101110110110000100111000000000000100000000000110010000
0100001010010101001000001110000000000011010111101110101010000001
0001001000010010000101000000000001001110000000010001010110010010
0001001000000000100000000011001011010001100000010000000000001001
1110101000000110001000010101101110000101111000001110101101100100
0011000000010010000100101000100100000000010100101001001100101000
1110100111000001100101011110010010000100000100100000010000010100
1111010000001110010010000000111000001101100000000100101001100000
1000000010000010000000100000010001011101010100100001000100101110
1010000001001010010100011000000000000000100010010111000001100001
1101001000000000100010001000001000100001000101001011000111111000
0000110010001000000100000000000001001100100011101000010000011011
0010000010100011000000001100000000110000000001000011000010000001
0001101000000000000010000010010000010000100010010011010100110000
0011100001011100000010010100011011100011001010000100100100010000
0101110111011011000011000101000111001100000001001000100001000000
0101010000001001000010001000000000000001000000110000000100001011
1111001101000100000100010000010001000100000100100001000011000011
0000100010000100100000000000111000010110001000000011000100110101
0100101100101010000001000011010000000101001011101010000000010110
1000100000100000010000000000011000000001000010100110010010000010
1100010100000010000000001000010000100010101000000000001001010010
0000100110000100101001000100100000001111010001000001001010000100
0010000000011110100011000011001100000101011001100000100000111001
1001010010000011100011000000010000010001100110000001001000010000
0010000101000010010001011111010111001000100010011000001011110001
1000110000101000010001100000000111100000111000110000000010001000
0110000100000010010011100010000100110110110000000001110000011001
0000001000100001110010000001101111000001000001000000000010110000
0000010000000010001000000100100100010001000011001100001001000100
1010101000100000011000000110100000001000100100001000001100111000
0110010000000000111000011000001000001010100100011001100000001100
0010000110100000001000100100000000000000011000000100100100100011
0000111010000000000000010000000100100010100000010000000000000001
0000010101001100000000000000011110001001101110100100111101010000
0000010100100000010010011000001111000000010000011000110001000010
0001011110000100110000011000000010100100001100101001101010100011
1000010000110110001100000000100001000100101001000100011000000001
0100000000010000010000010011001000101000101001100100100001010001
0100000000101010001010000100000101001001010000100100100011100000
1010010101100000100101111100010001001101000110100111000000010110
0001001000100011000100001000101010000010011111010000010001000000
0000001000001011100010101100100000100000000010110000100101001011
1111011110100000010110001000111000000001000000110010110000111000
0011001100000100010100001100000010100010100100001000000010100011
1000000000001000001000101100000011011010010011000100000000000111
0000100010011010100011100010000000011000000000011000000010100000
1000000011000000010100010100000000001011001001000010001100000100
1001000100010001000110100100010000010001001001010001110010000000
0000100010010010101101100010010000000000001100110010000011111010
0101000001001000000001001011111000110011000000100000000100101000
0101000111010010101000011011000111000001001110100000100101000100
0011001001000000000001001000110000001100000001000000000100001100
0000000100000000000000001000000010101001110000001000001000001010
1010001100001101100110000011100000000010110001110000000001110000
1100000000001101001110000100100010101000101000000000000011000000
1010000110000000010000000010000110010000000000001011110000000010
1100100101100000101000000100101110111000110001110001001000110101
1000000011010101011000010010001001000010100100000000100000001000
0001000000000000010010010100000010001001000000000001001100000001
1100000000001001000001100000110001001100001101010001000000100100
0001000011001000010001001010011001000001010101101101110100000010
1010010010000000000000000100010000100011001000001000001000000100
1100100001100000001000010100000000011001010000110000000100100101
1000010001000000110100001100000001011101000000111110101001100001
1000000010000010010100011100000000010000101001001101111010100100
1100000000001001010100001000100100000011001001101100011110000000
0110000001000100110001000010000000000000000001100000001110001101
1100010000001000100011000001000110000000000010110000011000110010
0001100000010011000010100000100010110010011001011101111001101001
0000100000100001010100001001110011001010000010000000010010000000
0000010100000000001000111010010010001000000100100101001100100100
0000001000001001000000101101010000100000000111100110010001001010
1000010000000001110010100000010000000000000100001000011100101010
1011010111011010010100000000010000111000001000100100001000000001
0010010001100100010000000110100100010101010001111100100000010110
0100100100001000010110000110010101100010010100001100000010001100
0011000100011010010000000000010001100100000000011100010110101000
1001000100010000010000001000000000000001100001000010000110000110
1001010101010010000110001000000100000001001010001001001010100000
0100010100000000001000101000000100011000000100010101100011010010
0110000010001011000100000010000000000001000000010100100100100000
0110000110000100000100000101110100101001010000000100110101010011
0010100100101101001001101100110000110000000010010100101000110010
0001001100001000101000000010010000001000100000001011001110100000
1010000000100010000010000000000000000011000001000100101000010001
0110001100000100000100011001001000001000101000001111111000000110
0100001010000001000000001000000000000100000110010000100101001100
1100000000100000001000000000010000000000100011110000000101011010
1110000000110100010000010010000000001001000010010001001101000011
1100111100111000000000100001100010001001001000010010010111000001
0110010110110100000101100000101000010110000001001001001000011100
0000001110001100011010000001100000001101000010010001000000100001
0000101111001000000100001000000100000000000001000000000001001000
0101000000001000000000101100100000000100100000010010000100001100
1100110011101001011011001001010000011000000000100010101100000001
0100000101100100101001000001000001000100000111000100000001000000
0100000000000100100000001100000010100001101000001010110000001001
1101101000100101010100100100000010001000100110101000001000000001
0010100101001000011101000010000000011001100001111000101001010010
1100010010001001010000000100000011011000100101011000100101000001
0000010010101011010101110000000100000100000011100000000100011000
0001100100100000100000101110000100101000001100001100110000001100
0100100000100000010001001000010101101100110000100000010010000110
0000000110111110001100000000000011001001010010001010010000110001
0100000001101000000000010000000000000101000010101011101010000000
1100001010110010101100010001000110010100011001000000000110001000
1010000010000000100010000100001000100001000010000000110010001010
1010000001100000100000000001000111100100010001000001011110010001
0101010010100110110100101000011000001010000000000000001000000111
0110101000000000000000001011000010100000111110010010010101000000
1010000100100001000010000000000001010000000010000001001000100010
0011000000110000101011100000000010010011001010010000110000101011
0010001100001001000101010011011000111011000001100000010010110101
0100000010001001101100000000001000000000010000000001000000001100
1100011100100000010001100001011100001000001001001000000000000001
0001010001000011111111000000000001000010000000101000000000000101
0010000011000000000100000010000010000101010010000010011000101000
1000110000100000111000000001010010000000010001001000001011000001
0101000001110000100010111000000100011000110000100000001000011001
0110000011000100000100101001010010000010000001000010000110000101
1110010001101000001000011100000100000000000101000010100011110010
0110010000001100000000100001000001000101101000001100101110010000
0001000001010010011100000010000011110010010100000001110010000011
0011000100010001100100000000000100010100110101110000000000010000
0010000111000100000100000100111011100110001101000101000000100001
0100010000000001000110000001000000001000001000000000110010011011
0110001010011010011000010001001000010000000000000001000000000011
0001000100000000010000011000000010001001100111000010000000001100
0010000001100001000000100001000000100001100001000100010101011011
0100010010010101101011100000101000101000010011000001110000100000
0100000001001000010100010001100110001000010010010001111010000001
0011101000100000100000010100001100000000000101000010100000001110
0111110101000100100000100000001100010000000001000101110111001000
1011000010100000010110001010001001001000001110000001000100011011
1000010111000100010000000100010000000100001001010000001000001000
0000010000011100011101010000110101000110000100000000000010001000
1001010101011000001111000100000010000000001000000110000000000100
0100000000010000000110010010100010010001001100000100011011000100
1000110000100010010000010000001010000010010001101010010110111000
1000110100000101000010010100000001000110011000000000110111101001
0001100100000000010000000001000010001001000001100001000000100011
0001000010000100101000000101010111010100001001111100010010001110
0101011011101101010100000001000010000000000000000000101110011110
0000000110110000001000001010000001110100001010100001101000000101
1010000001011110000101100100000101001100010011010111010001010100
1000000000010000000001001100001000001011100100100100011000101000
1100100010001000101100010000000001110000010100110000000000010001
1101000111000000010100010010111101000000001010100010001000110111
1010000000010000101101110001001000101001101000100001101000100000
0000000100001100010010000001000001010010100001000010111000110001
1011000101011010110000000010010001000010000100000011001011011000
1001001101010000101000001100010010101100001010001101000001110001
1000000100110001100000000011000100100110011101000000001001110001
0011110000111001101011100010101001000100110000000001000000100100
0001100110001010001000110101000000000000100000010010010011001011
0000001110000000000000110000000001101000000001000000111000000001
0100000000000000110101000100001010001001001100010101000000000110
1100011100100000000000001000100000000010000001100010010010001000
1000000100100000001100000011010010100001000010011100010001000100
0010100010010001010001000100000100110101001000010010111001100001
0110000110001001001011010100100111101000001000000100000110010000
1110000010000011000000001110000010000100100100010100000000010000
0000001000111001100010001001001011110000001010100000100000100000
1001000001000000000110000000010110100100001011101000111000000001
0000110111000000001101000010100001000001000000000011000010001101
0010000100001001001110000111001010001011000001010100100001010010
0011000100000000111010000101000011000000001100101000000000101000
0101100010000001010100000110110100000000010111010000000000010001
0100000001000001001001100011110111101001000000011100101101100010
1101000110010010010001000000000000010001000011110000010011000011
0100000100000001001000001000001000101011000000010000101001000010
0001010010110010010010000001000000001110010110011100000000010101
1000000010100000000000010010011010001000110010110010001000010100
1000000001000010000100001000101001001000000100101000001101010001
1110010000100100001101101000000000000001001001000100010000001010
0000010101000100010000100000100101011000000010000000000011000100
1010010001000100000100000000100000101000100111000001010000001001
1001111100101000000010100110001001100101100100001010010110000000
0011110100111101100000010000100110101101001010010001000000000110
0100100101000000000000000000010000100000000010000100000110011000
0000000110011001000000100000000100100000000100011010000111010100
1010001010000100000000000101000000001100001010101100001100010110
0100010101000000000010100001000100101000011001001110000000110100
1001101101101000010100010000001101110000001000100010110110000001
1011110000000000010000100010000101111000000010000010000000101010
0000100001001001011000100101100011010000000101100000100110001001
0010000000010000100110010101000110010100011101101110100010111000
1000000000011010100010110110011011111011000100000100111110000100
0000000100011001100001010010000000000000000010000001001010000000
0111100011101001111100000000000000001001110000000100001001010001
0000110010000001110001000000101000000000011100001001010110001110
0001000000001011000000011010000000000000100001010001000110000000
1000011111000010111100000100110000110000000011101000100000000010
0000110000000000000001001001000000110000100000000011100000001011
1100000011000001110000000010110000000101100001010001011010101011
0111110101010111001010010111100000110000010010001110000101011001
0101000011101000001000000001000010010101010101100010001000011000
0100101000110000000011100000000000010000000000000000000110010100
0000111010000011001000000100000000100000011001100000011010000010
0000101011000000000001011011000011000100101010101110000000011000
1101011000000000000000100000100001000000100000010000100000000010
1000101000000010111010101010000001100101001010100000100110010000
0010101001111000000100010011010001001010101011000001000001000000
0010011000001100111000000100000000001000000000000000000111000001
0001000010000100111001010101000001100001001000011000010100001100
0100000000100110001100100000011000000100100010100000001011101111
0100011011000010110001010000000000001101000011010000011000000100
0001000110100010000110100100111000000001001100000100000101101010
0111100000101111001100001011001111000001000000110001000010000100
1100100011010001010110010100010000000001000001100100000110001111
0100101100100000000110000101101001001100000010111000000000000100
1000010000010000110000000110000010010001000001000000010000001010
0100010001100100100000100011010110000000101100000100011010001010
0000100000000001010101111010100010010001100000001010110000010100
0001000100011100100010110100011000000110110000001001001000011000
0010000010010111110000111000010000000011101100010001100000000010
0011110110110000101000110010100111101001001100110100100011001001
0100100110000000100000000000010011010010100001010000001010000100
1000000000110000010100100010000001001010100010001000000000000101
0100001100011001001111001000010101000000011101110010101010011100
0000000100011001000100000000001000010100101001000000100011100000
0010001100000101000000000010000101010100100101000010010001101100
0100000100000001000010011100010000011100100000000010000000100000
0001000000000001000100000100111100011110100001100110010010010011
0010010000001010000000010011000100000011001000001011101100010100
0100001000000100100000011011011100000001000000011001000000001000
0010010001100110000000001100100100010000000100001011011010000000
0010000000000111000001000000011000101010101101000011110001100000
0010000000000000100110000000000001101001000100100000101010000110
0000011000101000000001000000000000000101101100000110100000011000
1010000110001000011100110000000000100000001000110101110000011101
0010010000111001010100001000000001000110100000110000100001101010
0100001100000000110100001000001110010001010000100010000100100000
0001000010000000001010100000110000001000000000111001001000000001
0100000000100000001010000000000001010100010000011001101000101101
0000000100000100010001110010001000000000101010110010001101001100
0100100000111101111000001001000010000011011001101011010000110100
0100101000011000101011010111000000010000010000000100001010100100
0000010011010000000000000000000000100000010010010001100001000010
1011000000100010010000000110010010010001000001000000000010000000
1000100000010010000100000100011000000100111100010000001001000000
0000101100000101000100000011100010000000010111000011000101100110
0001000100000101010101000010100110100011010000010001110000000100
0000001001000010010001000011110001010000000000101100001001111011
0100100000000000101000000000011000000001110110000011100000001001
0000100001000101010000010001001101000100001100101010100001000000
0100001001100000011111000000100010110001000110110100001100010001
1001010100110010011110010100001000001000000110001000000101000001
0011100000001001111000000001010010001000100001000000100110100000
0001101000010000100110001001011100100000000011011000001000000011
0100000000000000010001001100000000101101000100000000001001000000
0000100111011000000100000001000000000110010110110110000001100000
1000101010011000011000100011101010100000010000010000000011010001
1000010000010000000110101001100000100001010000000010001101010101
1000001001100010011111000000000000000001010001000001000110000000
0000101110111100101010010100100010000000110111001100000100001000
0100000000000001101000011001000000101011100000000000000100011000
1000001000000011000010110001101000100101100000100010010010110010
0000001001000001010000110000001011000111101010100000010101100101
1001000010000000010100001011110001101010000100000000000110000010
0111000101010000001000010100110001000100100110010100010001010010
1110001100000000101000000010000100001000000010010100110100000011
1101010101000000000000000110100000101111001000000000101000001100
1110000000000000100000000000100101000001010001100011100101100000
1000100000101100011100001000000010010000000000110110001010000011
1001000011100010101000000000110110010001000010010001000000100000
1101000010100101000001101100001010000111100110001100000000010100
1110001000011100010000001001000010001001000011110001001101000000
0101010111100000000110000100000001000100111010001000010001101011
1001010000110001000000000011010100001101000110000001101101011000
0111001000010000100010010000001000001100100001001101000001000001
1101010010010000100100011110111001100010100000010000000000000100
0111000110011011101001000100101000010010000000110101101100110011
1100010011000000011000001000000110110001010000100000000010100011
0001010000000000000010000001011101100010000101000000000011001000
1011100000001011101000000100001100011100100010000000100000010000
0101000001010000000100001001000100100000010001011100000000110000
0100010000000100011101101001010000000101000110000010000001000000
0000000101010100010100010100100000000000001000001000111010010000
0110100010100010000100001000000000000100010010010000101000100000
0000000111000100100100000000000010000011000001010100110000000011
0001010011000001101011000100001000010010100101010000010000110000
1000111010010010100000000010000110100001000000000000011010100000
1100011000110000000000001010010000100010101101001100000100001000
1100010010011000001011000000000000110000011000100000100000010001
0001000110100101010000101101010111100000111101110010000000000001
0001000000100000100010001000001100011110000100011100010010101001
0000010000010101000000010000010011100100100101011001110011000100
0011001000110100101000000011011001010100000110111110101010001000
0100000000101011000000000001001100010010010100001010001001000000
1100001100001001010000001000110000100110011100100011001100100001
1010100000011101010001000000100000000010000000000000000010001000
0010100000011110001000000110100110011000000111000000001000010110
0100100110110000000011000000100000000010100010000000010000000001
0101000101001010000000001101100101010001010011100010100100000011
0000000101010001010011100001000010110000000010000000110000100000
0001001100100000001000101000000100100010110100000011110100000001
1100000001011000001110010010000000000011101100100010110000010010
1001000000000100010000000001011000100001111010100000001010010010
0000110000001000000011001100000100101001010000010110001010001000
0100000001000101000000010001001000001000100000110101100101100001
0010001000000100001000100000000100000011000100000100100110100000
0001100010100000000000110100001000011110010010000011100010000001
0100001000000010001010011000000001000000100001000000011010000101
0101000011000000001000100001010011000100001001110001000000110010
0100101100000000000110010110110110100110000001100001100010011111
0101101110000001000001101010100000000100000001110000100000011001
0100011000100001110110100010011000101010101000100100000110010011
0101010000100001100010000000100111000111000001000100000010010010
1000001010111011010000100000011100001000110000100100000100001011
1110111001110100001110001100000100000000000000110000011000000110
0100000011101000001001100000001000110000110100000000000001110001
1100001000110010000110000010001110010100000001000010100010010000
0010000000010100101000010111110101110100000011010010011000110000
1100100010101000000000001000100101001001101111000000001011101011
0000000101011001010100010001000101000000101000010000000011011100
1001100000000001100000000010100100010100010100000101000001000001
0110110000010000000000010000001111010000001000011010000001101001
0100010000000000010010000010001100010000110000000011110000100001
1000000010100000000000001001000100000000100000000100000000010011
0000100000000011000011000000000000010010000000001000110001100000
1100101010000011010100001000000100111010000000001010010000001110
0000100000001101000101000010001011010000000000101110001000001100
0010000000010000000000000100101100000000100001000000101000100010
